Geography,No income,R 1 - R 400,R 401 - R 800,R 801 - R 1 600,R 1 601 - R 3 200,R 3 201 - R 6 400,R 6 401 - R 12 800,R 12 801 - R 25 600,R 25 601 - R 51 200,R 51 201 - R 102 400,R 102 401 - R 204 800,R 204 801 or more,Unspecified,Not applicable
21001001: Ward 1,36.4820405,22.860409,3.6436993,19.7004102,4.139428,2.1993906,2.1009615,1.5772102,0.3903069,0.2075389,0.0880762,0.0804807,4.6775929,1.852455
21001002: Ward 2,26.8928704,9.1554515,3.2601199,13.2802747,5.3596782,6.2093455,5.9001458,4.3992698,1.3243387,0.2929601,0.1363421,0.0884568,8.283526,15.4172205
21001003: Ward 3,46.266585,16.1721668,3.8027647,16.9165702,6.0455061,2.5651583,1.101831,0.4389417,0.1329947,0,0.0379985,0.0569977,6.4624852,0
21001004: Ward 4,33.9074685,19.7804637,3.377737,13.2526628,4.9140331,3.2097025,3.7223102,2.4351883,0.4749246,0.053662,0.0323508,0.0425732,4.8752987,9.9216245
21001005: Ward 5,48.382239,7.5143285,5.1172821,14.0386146,7.0086916,1.998214,1.1776807,0.5049831,0.1681744,0.0373721,0.0556406,0.0369545,13.9598249,0
21001006: Ward 6,42.0423587,18.3338364,3.7704782,16.9253091,4.3708996,3.5514173,1.933233,0.6262825,0.1737154,0,0.0339466,0,8.2385232,0
21001007: Ward 7,26.6361028,14.7152227,7.1623746,22.8914306,5.995716,2.5069667,3.1251242,2.399245,0.5289981,0.3846543,0.1868473,0.1690345,6.075502,7.2227813
21002001: Ward 1,38.2268859,22.5729514,4.2155643,20.645362,5.7819401,2.1831753,1.4280705,1.0728636,0.2419755,0.1165427,0.0230184,0.0228285,3.0055383,0.4632835
21002002: Ward 2,35.6485566,17.7297682,4.4063214,12.9477885,4.7887439,3.504592,3.854996,2.767474,0.6719072,0.1126535,0.1260451,0.0623774,4.9751373,8.4036388
21002003: Ward 3,44.0164073,18.6590651,4.2846028,17.6401907,4.0315598,2.8745992,2.0995759,1.0220731,0.1704716,0,0.0496048,0.0319,5.1199498,0
21002004: Ward 4,41.5948529,16.0618886,4.3388758,19.9394463,5.0043673,1.7442462,1.3681964,1.1005073,0.2141286,0.0932874,0.1243832,0.0382119,6.4054225,1.9721857
21002005: Ward 5,41.4060325,16.6848222,3.6279007,17.1959632,6.4337535,4.4681936,3.0331617,2.0356064,0.3505398,0.0216202,0.0818578,0.0199063,4.1081241,0.5325181
21002006: Ward 6,35.5125805,19.1618397,4.7312533,22.2904387,4.345945,2.1273709,1.8584621,0.9405039,0.2463849,0.1800234,0.1326999,0.0600078,6.8023149,1.610175
21003001: Ward 1,33.5320304,10.1931175,4.8772322,19.6824576,5.0224958,3.5420013,4.2520239,1.9705873,0.1934316,0.087855,0.2109409,0,9.7498134,6.6860131
21003002: Ward 2,39.6681891,19.4531773,5.9461627,20.5132246,3.4920973,1.5596515,1.513916,0.7159906,0.2212558,0,0,0.0278104,6.8885248,0
21003003: Ward 3,28.0274094,10.3516106,10.3456581,18.470256,2.950272,2.7738783,1.4277651,0.6757019,0,0.117845,0.117845,0,24.4862349,0.2555237
21003004: Ward 4,31.8724643,9.3913406,8.9191102,22.4406547,2.3534177,1.801917,1.5485045,0.9219224,0.1499605,0.0457089,0,0,20.5549993,0
21004001: Ward 1,29.8139414,17.3564266,8.0639385,24.9028314,8.3599184,2.9016644,3.0389074,1.4705728,0.7384664,0.1873514,0.0624505,0,3.1035309,0
21004002: Ward 2,47.7094356,14.2680233,3.1264966,16.1751352,5.4812053,3.9555318,3.2569905,0.9235619,0.2807159,0.0306796,0.0628544,0.0154933,4.3756754,0.3382011
21004003: Ward 3,47.8352598,8.8880261,3.6787001,13.4632201,5.9488342,4.0367931,3.8929064,3.3601053,1.4989284,0.4410612,0.1850556,0.0852749,6.6858349,0
21004004: Ward 4,37.4588889,2.4869248,2.0082812,8.457076,6.5446403,6.5019196,7.8646431,6.6716141,2.1912582,0.6709698,0.3558483,0.2563924,4.1382864,14.3932568
21004005: Ward 5,41.6294025,23.2399856,4.4521875,16.454458,6.6855907,2.4360211,1.5577797,0.3851382,0.3367408,0,0,0,2.822696,0
21004006: Ward 6,45.2362009,16.7145877,6.0088562,12.9120503,5.47217,4.4204379,3.8931082,1.9881113,0.3329126,0.0467107,0.0941965,0.0483663,2.5773809,0.2549106
21004007: Ward 7,32.2002992,16.4921358,5.9429045,20.1332301,5.8232254,2.5969269,1.5277319,0.4252097,0.111829,0,0,0,14.7465075,0
21004008: Ward 8,29.5971258,4.0432534,1.0634181,6.0217083,5.4039305,6.0832573,7.5602931,6.9886684,1.8201113,0.3344918,0.1434212,0.1909775,4.9345244,25.8148188
21004009: Ward 9,42.7995015,17.8092525,5.3245856,16.2616422,6.0348495,2.7822414,2.6364201,1.7903357,0.2952094,0.0435721,0.0227952,0,4.199595,0
21004010: Ward 10,49.4356622,12.1839505,3.1269722,17.6268179,5.7473746,3.5190997,2.9579581,0.8538087,0.2127394,0,0.0337249,0.0174397,4.2844522,0
21004011: Ward 11,39.8702467,24.0232314,4.6376772,19.8713501,4.957535,1.7370871,1.147557,0.537884,0.2390584,0,0.032925,0,2.9454481,0
21004012: Ward 12,1.7612145,0.1765171,0.1085241,0.2539663,0.6008114,0.9435312,1.1368464,1.4014644,0.6727565,0.034155,0.034155,0.0740521,0.2419561,92.5600498
21004013: Ward 13,32.8685614,13.6495625,5.4574962,18.2773875,6.5716568,3.0943985,2.2777926,1.2199223,0.8809449,0.1420179,0.102139,0,14.7036727,0.7544477
21004014: Ward 14,35.7219222,15.4037138,4.8068961,17.1735605,9.5686863,3.6343557,2.0278461,1.5403347,0.4980316,0.2073026,0.1639265,0.1526604,3.6062168,5.4945466
21005001: Ward 1,42.6627441,24.4371907,3.9560158,18.4794121,4.1848879,1.0278852,1.1158182,0.5871628,0.0977414,0,0.058383,0.0399972,3.3527616,0
21005002: Ward 2,38.0071717,20.4843829,2.5657463,16.1581673,4.6312073,3.4866876,3.7747656,2.2686549,0.7392854,0.1157331,0.0978664,0.1001307,4.763646,2.8065548
21005003: Ward 3,40.4233397,19.7099193,6.0343308,18.2748614,5.4361258,3.7949982,2.4054464,1.2201911,0.4453263,0.1239287,0.0516995,0.05102,1.7668123,0.2620004
21005004: Ward 4,36.9176645,18.6936053,6.8219637,15.2276091,5.6783432,4.3061253,3.0434144,2.5619117,0.9854881,0.4821721,0.2751168,0.251945,4.3117884,0.4428522
21005005: Ward 5,38.5481446,22.6560408,5.1109141,17.6007367,5.3929012,2.8948926,1.6570073,1.1227794,0.261692,0.1034454,0.0701161,0.0867206,4.4312931,0.0633162
21005006: Ward 6,32.6624704,17.9800747,4.479668,21.9699377,6.4466379,3.5110838,3.5789361,2.1196267,0.688035,0.2922808,0.2291983,0.0521652,5.3335825,0.6563028
21005007: Ward 7,45.7884541,19.6710861,4.8571871,17.804767,4.9323854,1.8228096,0.5315366,0.3154035,0.1454774,0.0203828,0.0640382,0.0632698,3.9832023,0
21005008: Ward 8,40.5765678,21.7988209,4.9324241,19.1807078,7.5944548,2.8208855,0.9827719,0.4714851,0.0271729,0.0263636,0.0271729,0.0271729,1.5339997,0
21005009: Ward 9,45.1825084,15.1793008,3.9447419,18.8172003,6.0589077,2.4148567,1.1694972,0.4611961,0.1592129,0,0.0184406,0.0355606,6.4489417,0.1096351
21005010: Ward 10,19.6498767,1.1300705,0.7098909,8.0411497,5.4882244,9.3866449,12.0681037,7.5633397,3.0275318,0.778787,0.3814303,0.1801882,14.4190969,17.1756653
21006001: Ward 1,38.6088286,20.1801491,5.1351532,25.1707553,4.4858322,1.7098242,0.7007597,0.3427752,0.1653022,0,0,0,3.5006203,0
21006002: Ward 2,31.9521958,22.98665,4.4331466,17.4950082,4.9229572,2.6408344,2.2076804,0.9757222,0.271408,0.0445184,0.0445184,0.0599127,4.600875,7.3645725
21006003: Ward 3,38.2659558,20.4352845,4.337199,22.8853079,7.8254747,1.9310447,1.0989744,0.7116076,0.2485397,0.0476518,0.0145246,0.2144332,1.984002,0
21006004: Ward 4,38.20995,21.9034954,3.9551689,19.5541658,7.3997291,2.0566516,0.7802192,0.4785604,0.1585678,0.0243679,0,0.0236421,5.4554817,0
21006005: Ward 5,38.026885,17.5644304,7.0067725,24.0742423,5.3448851,1.2030572,0.3866197,0.2322499,0.1257553,0,0.0413483,0.0207343,1.8429837,4.1300364
21006006: Ward 6,37.3014216,16.5160294,5.3807816,27.5521673,7.3817347,1.6512442,1.1625085,0.6896227,0.1867998,0.0321447,0.0838853,0.0321447,2.0295154,0
21006007: Ward 7,27.2226034,13.086015,3.2035706,22.6939772,4.1032497,2.3568136,4.1117835,3.0523778,0.7990882,0.2854932,0.0710278,0.2281018,5.5810494,13.2048487
21006008: Ward 8,34.6081221,18.7916838,7.1264862,24.5565104,5.5881204,2.2649829,1.5738814,0.8069616,0.2542891,0.0593326,0.044457,0.0197775,3.7371856,0.5682094
21007001: Ward 1,24.9171091,18.3406,4.9109931,26.0772262,4.3252168,2.5929468,4.199011,2.9935244,0.9460943,0.0484562,0,0.0492206,2.5852491,8.0143524
21007002: Ward 2,34.1699608,26.6797573,5.9525255,21.0516868,3.0114992,2.1554042,2.323632,1.3792274,0.2317069,0.0390196,0.0631817,0,2.5828214,0.3595772
21007003: Ward 3,32.5820769,28.3283454,5.7839412,20.3027773,3.2929814,2.0336458,1.7057903,0.6953627,0.3318624,0.215893,0.0479762,0.0239881,3.511062,1.1442974
21007004: Ward 4,30.3078892,25.2998593,5.5368505,21.8598113,6.233784,1.9840328,2.1223152,1.7321033,0.5865838,0.2441654,0.0610414,0.1220827,1.7586927,2.1507883
21008001: Ward 1,32.5749122,17.6531857,2.5357098,21.1157761,12.8153509,3.6380593,2.2109329,2.4084766,0.9801439,0.2602812,0.0867604,0.1735208,3.5468902,0
21008002: Ward 2,38.4463204,16.3993932,3.6389325,13.2677599,8.0127285,4.1268767,3.2000046,1.3257304,0.5010942,0,0,0.0358642,11.0452955,0
21008003: Ward 3,27.863927,1.7867693,0.8165774,4.6384916,6.5947565,9.7165822,13.4925087,11.1691395,3.1518657,1.6331547,1.769251,0.1360962,17.2308803,0
21008004: Ward 4,37.4559487,23.2273619,4.4958407,14.7427225,7.1156091,3.650393,2.0820621,1.2992974,0.1164806,0.0156057,0.0315779,0.0153871,4.6415674,1.1101459
21008005: Ward 5,43.6474636,12.7049735,5.649263,11.5716886,6.9971477,3.2126245,2.4136489,1.6197699,0.2758367,0,0,0,6.4808182,5.4267653
21008006: Ward 6,39.3418165,25.3791728,5.0373165,14.2447457,7.970278,3.1388321,1.7314612,0.3799181,0.0377135,0,0.0198074,0,2.7189381,0
21008007: Ward 7,41.0495452,9.6862648,6.6922618,20.3913327,7.3370891,3.7057045,2.5287687,1.6885209,0.4166946,0.0737245,0.0195923,0.0195923,6.3165648,0.0743437
21008008: Ward 8,30.2069228,2.0942923,1.7479639,8.6175891,7.7547533,11.0382418,11.8324323,7.6248024,2.3628143,0.9115942,0.5021567,0.2639613,12.7917613,2.2507142
21008009: Ward 9,45.038235,17.0362877,4.6426149,17.9844937,3.7908253,2.3539601,1.59863,1.0842779,0.2606782,0.0222926,0.044487,0,5.9716313,0.1715864
21008010: Ward 10,34.8653698,22.4323896,3.7190261,27.2911002,3.8683913,1.5776861,0.6906226,0.4776025,0.1553712,0,0.0162228,0.0162228,4.8899947,0
21008011: Ward 11,27.9957756,1.4675102,2.8054534,7.5446965,8.094541,10.8058018,10.1572554,6.8652113,1.2388224,0.7567876,0.2254839,0.1879032,14.5054444,7.3493133
21008012: Ward 12,32.5180697,16.7617141,4.593499,13.4275775,9.5149089,5.0325766,5.1101182,3.7953456,1.9636177,0.7210378,0.1767908,0.2328724,5.9887897,0.1630821
21008013: Ward 13,28.9539422,17.7269653,5.1007672,23.8579147,3.8601928,2.0577699,2.6749495,1.6078101,0.4043439,0.0605809,0.1808825,0.1806451,5.5925907,7.7406454
21008014: Ward 14,39.6992625,10.9282547,4.2606082,13.1345789,8.6477288,6.0308383,3.992615,2.1159602,0.9066548,0.0928537,0.1094866,0.1551959,9.9259624,0
21008015: Ward 15,40.6331007,15.0965371,4.0700785,12.2845298,7.6803655,4.172023,2.8140723,1.605601,0.4311755,0.0644673,0.0757257,0.0455517,7.3794756,3.6472961
21009001: Ward 1,27.1960373,16.484897,6.1025541,37.201383,4.7296353,1.4804739,1.108736,0.8278769,0.1933302,0.0173106,0.0211056,0.0105528,4.3445974,0.28151
21009002: Ward 2,29.0667596,18.4557708,7.0342446,23.813464,6.0837909,3.5163139,3.2865631,2.0770503,0.4830484,0.0685863,0.0815879,0.0370565,5.2266438,0.7691198
21009003: Ward 3,39.7024019,16.4314305,6.0082641,23.5348629,6.2229614,2.4989021,1.566899,0.7750081,0.0411527,0.0394542,0.0204646,0,3.1581986,0
21009004: Ward 4,36.7710696,16.2519087,4.6775132,18.3311421,7.2670897,5.1170387,3.2031894,1.9054589,0.5195624,0.08123,0.0514211,0.0523055,4.3796778,1.3913929
21009005: Ward 5,32.9271546,20.9577882,3.563499,22.4443502,9.1978916,2.3499351,1.5139689,0.7486101,0.2345734,0.1260858,0.0333527,0.0307824,5.8430307,0.0289772
21009006: Ward 6,36.2754822,12.5623151,4.6522802,16.1626794,11.1744222,3.4553469,2.0725991,1.3770699,0.2758554,0.0751614,0.0600226,0,11.8567657,0
21201001: Ward 1,27.0912359,13.3150594,7.9858659,6.5625938,3.3982039,2.2875883,3.3497444,1.8666684,0.3164544,0,0,0.0627815,3.8528468,29.9109574
21201002: Ward 2,42.3299983,30.4914614,4.8222929,13.0419367,2.6474475,1.1046454,1.3127225,0.7517715,0.1924642,0.0142797,0,0.0142797,3.2767003,0
21201003: Ward 3,48.8402164,24.109571,4.8544833,14.9699173,1.9008031,0.584226,1.0876757,0.5981688,0.0490315,0,0.0171442,0.0158724,2.9728903,0
21201004: Ward 4,28.9102713,36.8064643,5.1038925,14.140723,2.3793365,1.1119571,0.7581841,0.2807141,0.0655113,0,0.0163778,0,10.426568,0
21201005: Ward 5,44.9149643,27.8556379,3.6988462,16.4579072,1.4473438,0.917689,0.9216283,0.7452275,0.1870854,0.0639368,0.012064,0.0248447,2.7528248,0
21201006: Ward 6,47.4625934,27.6724241,4.2606285,15.4121961,0.7493079,0.5170095,0.8757212,0.7813004,0.1607033,0,0.0585708,0.0144656,2.0350791,0
21201007: Ward 7,41.4565721,34.3057603,3.3880013,16.1023701,0.9052573,0.5230632,0.6141568,0.4566469,0.0673476,0,0,0.0161535,2.1646709,0
21201008: Ward 8,40.63923,33.8535384,3.7005888,13.7947579,1.131153,0.6248953,0.4817605,0.321697,0.1036178,0.0143595,0.0287189,0.0422499,3.5045734,1.7588595
21201009: Ward 9,42.0153792,19.5352717,4.8448622,9.8239413,4.0650226,2.5374707,3.4903857,1.4504898,0.1756494,0.0285254,0.0677174,0.0099205,7.1615639,4.7938003
21201010: Ward 10,47.0277067,28.1451808,3.3035643,14.2071822,1.0555004,0.8689019,1.316898,0.7724091,0.144835,0.028686,0.0433177,0.0724175,3.0134003,0
21201011: Ward 11,37.1838748,33.5377762,4.5779725,18.609472,0.8602803,0.355736,0.4586133,0.289781,0.1047389,0.0158258,0.0146518,0,3.9912773,0
21201012: Ward 12,45.8921675,32.3667142,2.9795423,13.1723004,1.9558825,0.5593775,0.4916324,0.3022219,0.0866802,0.014792,0.014792,0,2.1515595,0.0123375
21201013: Ward 13,35.0170581,25.9045559,5.6730573,14.4920345,3.1159914,1.74381,2.5345065,1.3633435,0.3233956,0.0462176,0.0295352,0.0156155,4.3387644,5.4021145
21201014: Ward 14,34.2396976,33.0725038,3.3660339,17.3399359,1.3737429,0.4769513,0.7105426,0.3278713,0.0154101,0.0315748,0.0619506,0.0303757,8.9534096,0
21201015: Ward 15,42.9542162,28.6932329,3.7945665,15.3357469,1.4020711,0.5907933,0.4385993,0.2217441,0.070322,0.0104053,0.019553,0.0296722,6.4130407,0.0260363
21201016: Ward 16,52.1953578,23.0814945,3.5447482,13.3191632,1.4252384,0.6061841,0.3567936,0.31763,0.0871081,0,0.0434432,0.0107019,5.0121372,0
21201017: Ward 17,38.0819677,40.1089436,4.0072435,12.9310537,1.7146676,0.299826,0.2766066,0.2082758,0.0772509,0,0.0124204,0,2.2817441,0
21201018: Ward 18,37.1022819,44.1760779,1.8539302,12.7469702,0.692236,0.4560786,0.435598,0.1963733,0.1609284,0,0.0354449,0,2.1440808,0
21201019: Ward 19,35.3730533,42.7801487,2.9209421,11.2455755,0.9822428,0.7795696,0.7124119,0.4422412,0.1678051,0.0287394,0.0570317,0.0822975,2.302539,2.1254021
21201020: Ward 20,37.4212964,40.6108619,2.9154518,12.1244082,1.3462554,0.5140802,0.558483,0.2477605,0.087684,0.0254339,0.0133397,0.0501342,3.9735483,0.1112625
21201021: Ward 21,42.2345893,29.9924242,2.9654958,18.8549164,0.9429522,0.7997678,0.8456641,0.5921428,0.0508921,0.0350962,0,0.0876658,2.5983932,0
21201022: Ward 22,37.9162175,36.4008944,2.3538763,18.5736324,0.6343792,0.6115576,0.7050732,0.313836,0.1168636,0,0.0153956,0,2.3582744,0
21201023: Ward 23,38.4251243,31.3956055,3.0706469,18.9055644,0.8997771,0.6687133,0.6795427,0.3590565,0.1427042,0.0127651,0.0137879,0.0510604,5.0881494,0.2875022
21201024: Ward 24,34.6857991,33.5701142,4.4445368,17.0929012,1.4045111,0.988205,0.9690067,0.5652884,0.0816347,0.0517683,0,0.0172561,6.1289784,0
21201025: Ward 25,41.1805601,22.0073444,4.0170868,13.7378842,2.5627962,2.2100341,3.5931275,1.7359918,0.2900495,0,0.0438527,0.0154756,4.5398611,4.0659359
21201026: Ward 26,40.9335309,35.7683819,2.2707935,13.5384003,1.6321321,0.5410707,0.3507288,0.4522674,0.0865448,0.0122427,0.0369745,0.0363749,4.3405575,0
21201027: Ward 27,38.8091862,29.6823903,4.6486667,18.440749,1.2709392,1.03686,1.6251712,0.7292767,0.036249,0.036249,0.0367795,0,3.6474831,0
21201028: Ward 28,38.625945,37.2556056,1.9639836,13.0834641,1.1463523,1.6051894,1.194694,0.437115,0.169741,0,0.0127882,0.0118396,1.6453847,2.8478974
21201029: Ward 29,42.8928747,28.0816796,2.2897043,16.1896024,1.134841,0.8694662,0.8866745,0.6130741,0.0344165,0,0.0185871,0.0371742,3.0606654,3.8912398
21201030: Ward 30,44.9427938,25.7217182,4.7284521,16.5691748,1.7455722,0.7147481,1.4393233,1.011661,0.1225283,0.0141272,0.0134677,0,2.9764333,0
21201031: Ward 31,39.6158501,38.4902446,4.5446208,12.9540845,0.9561887,0.4302846,0.4435613,0.2709803,0.015114,0,0,0.062565,2.2165061,0
21202001: Ward 1,38.5962943,12.5303405,3.3911932,8.920376,6.0980619,5.115985,5.9804468,5.1453733,0.9330472,0.1065564,0.1270122,0.1770106,4.6200559,8.2582468
21202002: Ward 2,39.3511497,24.6075981,5.6562673,13.0413598,6.1896705,3.1354778,3.6900083,1.2932605,0.1006705,0.0138688,0,0.029704,2.7900507,0.1009139
21202003: Ward 3,38.8813476,22.9183028,3.8658083,8.9497664,5.048361,3.588573,5.5866066,2.6839885,0.1726388,0.0439303,0.0604354,0.0745324,5.5355784,2.5901306
21202004: Ward 4,43.4510883,17.9286366,3.7613004,8.0727176,3.7132719,3.6945714,7.6900338,5.1729071,0.3350435,0.0405369,0.0694541,0.0954531,4.8345518,1.1404333
21202005: Ward 5,36.7287351,26.3131711,4.4910778,9.8633499,3.992058,2.3342753,3.1687575,2.0775428,0.5032,0.0427896,0.065517,0.0464929,4.6322111,5.7408219
21202006: Ward 6,35.551735,12.5191629,1.7065359,4.6125157,1.9576206,1.5959003,2.2506827,1.1028108,0.0827401,0,0.0191036,0.0567419,1.46971,37.0747405
21202007: Ward 7,45.5109432,26.9751653,4.0240676,12.8521412,2.7383691,1.645338,2.140875,0.9070966,0.1155002,0.0395471,0,0.0391657,2.3422476,0.6695435
21202008: Ward 8,40.3197351,33.1823882,4.5945915,15.1844943,1.7455568,1.2645224,1.2152168,0.6001097,0.016695,0.016695,0.0485263,0.0463696,1.7650995,0
21202009: Ward 9,48.3912118,24.3125223,4.2324644,14.8795231,2.3596674,1.5834823,1.894006,0.6740537,0.1003902,0.0143593,0.0581405,0.0437812,1.4563977,0
21202010: Ward 10,42.7369294,28.0734795,4.4724973,18.6418425,1.6354454,0.5182512,0.7012944,0.6569555,0.0533541,0.0171566,0.0176662,0,2.4751278,0
21202011: Ward 11,39.8870837,30.7089905,3.8166094,21.3415027,1.3651529,0.5950739,0.6169045,0.2499805,0.0151451,0,0.0144381,0.0288762,1.3602424,0
21202012: Ward 12,42.3805032,28.9285366,4.3469891,17.7659705,1.4240369,1.279544,1.4514824,0.8664152,0.1507684,0,0.0314027,0.0306522,1.3034717,0.0402271
21202013: Ward 13,38.5573719,31.660305,4.1150863,16.3194736,2.4703119,1.2814484,1.7136928,0.9719184,0.156672,0,0,0.0479192,1.6157452,1.0900553
21202014: Ward 14,37.1164493,33.5257391,3.682625,20.1445624,0.9460048,0.9340904,0.9718261,0.4833798,0.1081939,0,0,0.0149246,2.0722046,0
21202015: Ward 15,35.4077934,32.3577475,3.9774839,22.4649075,1.4629193,0.7420892,0.4172497,0.3779079,0.074161,0.0186749,0.0195894,0.0362724,2.6432039,0
21202016: Ward 16,35.3473878,34.4724365,5.1436415,18.6803835,1.672562,0.8937494,1.3561309,0.6437611,0.1978147,0,0.0153632,0,1.5767694,0
21202017: Ward 17,36.2645999,32.1827885,4.406541,18.5098796,1.3850798,1.0252435,0.9656513,0.8022724,0.0439828,0.0300653,0.045098,0.0150327,4.3112271,0.0125383
21202018: Ward 18,37.0578746,29.2859702,2.8232343,16.5757676,1.5972822,1.496374,2.4223013,1.1969227,0.1151173,0.0132779,0.0771815,0.0261801,2.1865303,5.1259859
21202019: Ward 19,40.1916396,33.0843355,3.5799288,17.1350855,1.697221,0.7599253,0.6476062,0.4957868,0.0447089,0.0151952,0.0151952,0.0299521,2.3034199,0
21202020: Ward 20,41.5791617,33.6082924,3.4293966,16.1767983,0.9409789,0.6606158,0.7193512,0.656214,0.1088356,0.0154399,0.016196,0,2.0887196,0
21202021: Ward 21,40.084069,31.8673372,5.5726242,15.6683289,1.5682605,0.8631137,1.1715528,0.7211077,0.0586626,0.0154955,0.0295443,0.0438904,2.3360133,0
21202022: Ward 22,40.0994507,31.6026321,4.6903487,17.6526475,1.3147181,0.6184046,0.8403424,0.4049329,0.1075019,0,0.0123673,0.02358,2.6330735,0
21202023: Ward 23,38.7167523,35.0055441,3.1489353,17.6880212,0.9978584,0.8069244,0.8145252,0.4155256,0.0918071,0,0.0312468,0,2.2828596,0
21202024: Ward 24,35.6722097,39.3758596,3.122425,17.3201901,1.0415304,0.5534748,0.4488166,0.1793161,0.0444981,0.0117557,0.078087,0,2.151837,0
21202025: Ward 25,36.3309798,35.2813607,3.1379416,17.1462929,1.3769798,0.8528929,1.0064367,0.2883336,0.1362416,0,0.019687,0.0098435,2.9317061,1.4813036
21202026: Ward 26,33.5969238,39.8540606,4.6517908,17.5236258,0.8357634,0.5606413,0.6320249,0.375315,0.0541685,0,0.0114302,0.0320611,1.8531275,0.0190671
21202027: Ward 27,36.6818424,33.0505308,3.2094428,17.6850152,1.2751551,0.5195383,0.2465196,0.2336024,0.0962055,0,0.0364904,0.0730862,6.2160222,0.6765491
21202028: Ward 28,20.278324,49.6834509,4.4788177,21.350043,1.0037985,0.3511019,0.3263894,0.1836658,0.0379255,0,0.0130173,0.0252837,1.9265115,0.341671
21202029: Ward 29,29.5279448,41.9492677,4.2098996,19.9416103,1.0813005,0.5084904,0.4737788,0.2202612,0.1037046,0.0128521,0.0269629,0.0128521,1.0652522,0.865823
21202030: Ward 30,26.0346194,37.4943316,5.4914728,18.5894239,1.9577409,1.2001361,1.6293734,0.7244505,0.0755885,0,0,0.0144847,1.8721519,4.9162264
21202031: Ward 31,35.9304445,36.1446095,4.0553442,19.633793,1.4145015,0.7059476,0.4854778,0.1362922,0.0237484,0,0,0.0244538,1.4346899,0.0106975
21203001: Ward 1,36.6132343,19.9906323,3.0051109,21.0009589,3.6714803,3.3314351,2.86331,2.0856693,0.6526776,0.2616249,0.0766092,0,5.7279699,0.7192874
21203002: Ward 2,40.6896431,29.8816107,1.7414681,16.4898743,1.6938384,0.8945204,0.4278941,0.1216172,0.0701914,0,0.0263583,0,7.9629841,0
21203003: Ward 3,37.6816521,24.499546,3.2777774,21.1001523,1.8805769,0.898967,0.2847611,0.2168566,0.0798746,0,0.0202609,0,1.5508472,8.5087279
21203004: Ward 4,38.5136226,29.706855,2.7690192,20.490156,0.9403407,0.6835663,0.2357767,0.0776531,0.1540324,0,0.0191785,0,6.4097994,0
21203005: Ward 5,38.3680722,27.0371126,3.6730687,19.6038942,4.9168739,1.3434447,1.2606304,0.6144971,0.2276097,0,0,0.0910385,2.8637579,0
21203006: Ward 6,33.0767543,19.7217285,7.1733587,16.8335416,5.1354608,3.2674721,3.0732402,1.9847733,0.5379726,0.2375767,0.1859936,0.032282,6.5699303,2.1699152
21203007: Ward 7,38.3699903,22.0744651,3.3382842,17.3041765,5.0247109,2.6490145,2.6166627,1.5544044,0.2706689,0.1029891,0.0407575,0,6.371898,0.281978
21204001: Ward 1,37.0707732,27.5611488,8.9281479,20.685166,1.6674414,1.1227416,0.5740487,0.3577816,0.1243274,0,0,0,1.9084234,0
21204002: Ward 2,33.2988573,27.6992445,6.9667745,16.9772807,3.2885973,2.7908232,3.2824394,0.9430579,0.1179402,0.0150282,0.0306424,0.0300564,1.8118459,2.747412
21204003: Ward 3,33.9935778,25.7608539,8.6996941,22.2499848,2.4441721,0.8712151,0.7101543,0.3301608,0.0541097,0,0.0166339,0.0190121,2.0392984,2.8111331
21204004: Ward 4,33.6407787,24.4479422,4.9290738,17.9312655,2.7251844,2.5562679,2.4226719,1.2745628,0.5096819,0.1950691,0.1011118,0,2.8155861,6.4508038
21204005: Ward 5,37.7806935,28.4327063,3.9721167,18.7981853,2.9091191,1.5881537,1.2803235,0.537697,0.1876721,0.0157913,0.097272,0.0173206,4.3829491,0
21204006: Ward 6,38.2127185,26.6972847,3.8803443,20.4614285,3.7550422,1.7268185,1.2744577,1.0016155,0.2462159,0.0819398,0.0545074,0.029399,2.578228,0
21204007: Ward 7,44.0225333,31.5216503,3.1842317,15.1481806,1.8439617,0.8770077,0.4169858,0.2323735,0.0622861,0,0,0.0198393,2.6709499,0
21204008: Ward 8,38.2831199,34.1454792,4.3899772,18.3524503,1.5681332,0.6319731,0.4120659,0.1601357,0.0886307,0,0,0,1.5904749,0.3775598
21204009: Ward 9,37.7710934,29.1006255,3.4576645,20.9798485,1.9023312,1.5909877,1.0347152,0.7727696,0.1254591,0.035991,0,0,3.2285143,0
21204010: Ward 10,39.0910565,23.2546127,5.4082741,19.005283,1.9802419,1.913291,1.6123212,0.9794955,0.1816438,0.0462802,0.0236931,0.0225871,1.4024574,5.0787626
21204011: Ward 11,38.2777444,29.8162205,4.8443543,21.8945928,1.8332649,1.1539265,0.475032,0.1803116,0.1580453,0,0,0,1.3665077,0
21204012: Ward 12,36.1289532,34.6428843,4.2293684,18.2376107,2.6393909,0.5716576,0.7757129,0.4751925,0.0752289,0.0147823,0.0768525,0,2.1323658,0
21204013: Ward 13,37.5087012,30.2472784,3.5502911,23.7890728,0.8649998,0.6241518,0.8471452,0.4165591,0.1043849,0.0727118,0.0588811,0,1.9158228,0
21204014: Ward 14,41.112883,27.2001083,3.2832711,19.4820444,1.575575,1.18194,0.9981131,0.7123023,0.1928865,0.0520598,0,0.0520598,2.8868394,1.2699172
21204015: Ward 15,40.5866373,27.6380537,4.0161845,18.9071168,3.1222259,1.5772213,1.0979369,0.5699887,0.0589641,0,0.0415559,0.0194025,2.3647123,0
21204016: Ward 16,42.0397185,27.1148557,5.0177859,17.3782509,3.5306261,1.3905653,0.9338804,0.3842451,0.1346696,0,0.01449,0.0145745,2.046338,0
21204017: Ward 17,30.424137,15.1968999,3.3592356,14.2253811,6.2994764,5.7624028,7.5582604,4.5109697,1.1991602,0.3212731,0.281696,0.1495784,3.8565848,6.8549446
21204018: Ward 18,38.0616017,29.4862254,6.3637077,18.9004002,1.9728048,1.1247633,0.6486776,0.1405475,0.1755716,0.0197599,0,0.0205418,3.0853984,0
21204019: Ward 19,36.3418414,32.38127,4.5898824,19.5097896,1.7302894,0.6311999,0.9700734,0.3459793,0.1031897,0,0,0,3.1662611,0.2302238
21204020: Ward 20,43.2511003,29.089195,4.4745767,13.2914221,3.6845833,1.5156876,0.9411985,0.4554022,0.1293353,0.017852,0.0187262,0.0173371,3.1135837,0
21206001: Ward 1,41.0078117,27.2893171,3.7095268,20.0863754,1.3635137,1.0890557,0.6263484,0.4768776,0.1222582,0.0215817,0,0.0405549,4.1667786,0
21206002: Ward 2,41.8265073,21.0802066,4.2718324,17.7490002,3.278735,2.2164224,1.3934773,0.2896201,0.1736522,0.0402094,0.0201047,0.0186133,7.4403946,0.2012245
21206003: Ward 3,37.3488231,30.5902274,3.8322679,22.3071588,1.3550182,1.0527162,0.5579402,0.2964045,0.1180172,0.0196038,0,0.0592058,2.4626168,0
21206004: Ward 4,42.9752285,22.6356812,4.8390002,19.8774822,1.340663,0.6604443,0.4587597,0.3047157,0.1874613,0,0,0.0215661,6.6989978,0
21206005: Ward 5,37.9577607,28.6865556,4.9997637,22.0110302,2.0024028,1.2954228,0.5211859,0.5153202,0.1341386,0.0197676,0.0772249,0.0188448,1.7605822,0
21206006: Ward 6,37.9931988,27.3240965,3.4133437,24.2909199,1.5101049,1.3479166,0.9495065,0.4360069,0.06565,0,0,0.0646025,2.5672236,0.03743
21206007: Ward 7,38.0651865,21.4035087,4.5644408,19.6949231,2.2694571,2.4135619,2.2063151,0.7262018,0.2098571,0.0570506,0.0377803,0,8.351717,0
21206008: Ward 8,24.3011822,38.3688246,5.7541484,24.5488529,2.4172254,1.1066776,0.9413243,0.2946918,0.0205948,0,0.022245,0.042413,2.1818201,0
21206009: Ward 9,22.9481992,40.7184795,4.4779502,23.3120597,2.1272357,1.1471789,0.7259817,0.3048349,0.070491,0,0.0233405,0.0244834,2.8945125,1.2252528
21206010: Ward 10,41.5638168,21.0202147,3.3665495,12.2862891,3.7070966,3.4580792,3.7800909,1.3979776,0.2494716,0.0474189,0.0455894,0.068531,4.4592303,4.5496445
21206011: Ward 11,37.99802,29.0245033,4.6797427,20.3305713,1.9483226,1.4452493,1.0748033,0.5560935,0.1856817,0,0.0184343,0,2.0176112,0.7209669
21206012: Ward 12,37.6847846,28.6651714,3.3537904,21.0147243,1.9763801,1.0792273,0.7938326,0.3806815,0.1422085,0,0,0.0232087,3.1714765,1.7145142
21206013: Ward 13,38.1286104,28.7943331,3.4219505,23.1433469,1.6567627,0.8451312,0.6798748,0.4201269,0.0597489,0,0.0192129,0.0597489,2.7711528,0
21207001: Ward 1,34.7810874,31.766355,2.2932699,24.3622222,1.2338747,0.702639,0.629405,0.3588711,0.1164803,0,0.0485736,0,3.7072218,0
21207002: Ward 2,41.3449798,25.9403628,2.1080892,19.3919064,1.7423872,1.2676335,1.3468108,0.7206024,0.1407601,0,0,0.0393905,5.9570773,0
21207003: Ward 3,44.7938715,26.2060309,2.973505,15.1682086,2.4789665,1.4850299,1.7557063,0.5622564,0.0632339,0.0200777,0.0197965,0,4.0533038,0.420013
21207004: Ward 4,39.7089284,23.488589,3.5091172,14.7317432,2.8847324,2.1119575,3.0891475,1.8932011,0.5366475,0.0882817,0.0450552,0.0879353,7.0873544,0.7373095
21207005: Ward 5,40.2148305,24.9393278,3.1986203,22.7531043,2.5284993,1.3270425,1.4339273,0.4122756,0,0.0215563,0.0385295,0.0179795,3.0963275,0.0179795
21207006: Ward 6,43.52247,20.006092,3.586196,10.6075846,4.9834743,3.3790694,5.7426665,3.8689548,0.6875899,0.087767,0.1291154,0.08949,2.2351229,1.0744071
21207007: Ward 7,39.8531971,27.5396092,4.3817427,21.0819645,1.8165362,1.1241082,0.8806106,0.4100474,0.1121825,0,0.0193253,0,2.7806762,0
21207008: Ward 8,39.0262272,19.2697533,3.6734623,16.6923688,4.0752838,2.0693521,1.7264315,1.0839495,0.1921733,0.016096,0.0820845,0.0460416,12.0467761,0
21207009: Ward 9,43.9192581,27.1037164,4.4690278,17.855732,2.0176938,1.629806,1.0836763,0.1874952,0.0615407,0,0.013404,0,1.5123519,0.1462978
21207010: Ward 10,34.1587912,21.0699548,5.3418521,18.3908987,3.4824556,1.7283412,1.6820357,0.8160654,0.3234232,0.0563109,0.0388764,0.0170068,3.2171398,9.6768481
21207011: Ward 11,20.2877867,10.3409523,1.5500632,6.1237286,1.0351963,0.7928652,0.9949152,0.7996042,0.4557673,0.0214995,0.0214995,0,1.8278329,55.7482892
21207012: Ward 12,41.013668,28.5966757,2.9100519,21.7674727,1.4430336,1.0521266,0.9044568,0.2647249,0.0836684,0,0.0203793,0,1.9437422,0
21207013: Ward 13,43.3117681,30.4362479,2.3909881,17.4323203,1.1860605,0.8362267,0.7108633,0.4254918,0.0713925,0.0174216,0.0174216,0.0351937,3.1286039,0
21207014: Ward 14,37.544189,32.8169716,1.7330353,23.0630438,0.6834257,0.6780114,0.5052493,0.370663,0.0962433,0,0.038343,0,2.4708246,0
21207015: Ward 15,33.4236068,16.6824214,2.2455717,11.0870043,1.9829581,1.6528344,2.0599466,0.9560802,0.2221931,0.0267208,0,0.0267208,1.0560286,28.5779133
21207016: Ward 16,35.9128666,20.5544485,2.8272441,15.4968059,2.0784082,1.6742065,1.9949889,0.7110259,0.2456097,0,0.0345212,0.0332102,4.4330639,14.0036004
21207017: Ward 17,41.5212511,29.5636375,2.9956165,19.338209,2.1496843,0.9409058,0.8606347,0.5964452,0.144268,0,0,0.0235807,1.8657672,0
21207018: Ward 18,40.8612741,27.4762296,2.2198293,17.3435634,1.9233061,1.6392766,1.7674104,0.5483378,0.1980325,0,0.0370139,0.0364928,3.2939917,2.6552418
21207019: Ward 19,38.4430204,30.1601825,2.2476544,17.7635377,1.3427534,0.8796801,0.8732716,0.3912488,0.2037463,0,0,0,7.615011,0.0798939
21207020: Ward 20,38.0941267,14.3657478,2.8644703,12.3149343,3.9443822,3.7323352,4.2051962,3.0701552,0.8325457,0.2497643,0.0638466,0.0818334,8.2819712,7.8986909
21207021: Ward 21,36.469516,23.0948204,3.3332192,13.5432919,4.0244929,2.5656316,2.6061881,0.7231096,0.2658401,0,0.038108,0.0387042,13.2970779,0
21208001: Ward 1,33.2389437,20.8048647,4.2916486,18.6034225,2.9478792,3.0113753,3.3023872,2.4386831,0.568187,0.174346,0.0219433,0.034381,2.9393568,7.6225814
21208002: Ward 2,42.7096649,26.4504249,3.2849701,18.6962323,2.4872246,1.58466,1.6620291,0.365813,0.0257446,0,0,0,2.7332365,0
21208003: Ward 3,39.7042361,24.4531922,5.9993906,15.2661472,3.3117951,3.0414493,1.7158714,1.8158826,0.4516371,0,0.0977803,0,2.3999437,1.7426743
21208004: Ward 4,35.1176863,29.3416689,4.1343015,19.7594385,3.2746439,1.5577335,1.1842676,0.699812,0.3757017,0.1476838,0.0466088,0.0799539,3.0440818,1.2364178
21301001: Ward 1,32.876295,27.3749683,6.0600624,17.7664771,3.465621,2.5640998,1.3864024,0.6781671,0.1440446,0.0487272,0.0485838,0.0317349,7.5548164,0
21301002: Ward 2,44.6154183,22.6927219,3.7603929,18.9482435,3.810908,2.1345949,1.6926892,0.5459553,0.1003602,0.080408,0.0197519,0,1.5985558,0
21301003: Ward 3,39.9741353,23.3905017,4.2605133,17.8404697,3.3074483,2.1212321,1.2452041,0.5474145,0.2038644,0,0.0232338,0.0455957,6.9997091,0.0406779
21301004: Ward 4,31.1448355,24.0417591,3.3732124,16.6649186,6.9352405,3.1293644,2.2847359,1.1350982,0.1555789,0.0518596,0.0518596,0.0345731,9.3214801,1.6754843
21301005: Ward 5,28.1700497,2.9281517,1.385347,7.7373312,6.9280023,9.3477498,11.4087624,9.0191939,1.9897935,0.4533858,0.285529,0.350759,11.6759312,8.3200135
21301006: Ward 6,26.3261868,9.7262527,6.2258335,23.2521623,6.0854767,1.7881117,1.9508795,1.1376487,0.3883203,0.3317194,0.1147389,0.1658597,21.5341629,0.972647
21301007: Ward 7,36.3909276,26.9897892,4.9648592,15.7443196,5.1638943,2.7853038,1.847401,1.1473808,0.1055934,0,0,0.0133845,2.5263148,2.3208316
21301008: Ward 8,33.9104737,22.2684995,4.9655916,15.6597582,5.0044373,4.7679918,3.2483754,2.5265138,0.6194543,0.1036995,0.1038259,0.0346507,2.174265,4.6124633
21301009: Ward 9,28.2491088,19.5350586,5.5395737,21.5885252,4.5531397,2.9915438,2.961158,1.237965,0.231343,0.0627318,0,0.0170027,12.6587901,0.3740596
21302001: Ward 1,38.96234,33.3016196,3.6002905,16.345153,2.3677637,1.1771539,1.0665379,0.3344726,0.1148803,0.0519509,0,0.0646989,2.6131387,0
21302002: Ward 2,38.4786988,28.2420026,4.530192,15.9086869,3.1933956,1.1713629,1.7150982,0.5456661,0.105333,0.0653982,0.0831236,0,5.6774356,0.2836065
21302003: Ward 3,39.457185,28.9149832,3.9983528,16.5173311,1.9217956,1.350553,0.7567232,0.2258031,0.1373391,0.0157155,0,0,6.7042185,0
21302004: Ward 4,33.3624875,25.5006663,3.9685426,18.3754787,2.9150064,2.4941763,2.1101476,1.1589334,0.220049,0.0357815,0.0357815,0.0188524,7.8566887,1.9474081
21302005: Ward 5,32.4542434,23.4193346,7.0752519,23.0072212,3.6707104,1.9727288,1.9253832,1.3320035,0.5326002,0.18855,0.0269357,0.114678,4.2511567,0.0292024
21303001: Ward 1,39.5844288,23.6937235,5.389338,22.1789295,2.2997696,1.545325,0.9746032,0.3961873,0.2454812,0.0251567,0.0510858,0,3.6159712,0
21303002: Ward 2,29.190679,16.1207917,4.3571459,22.2622225,4.6873472,4.3466346,4.5912188,2.73548,0.6773716,0.3986975,0.0548047,0.0796881,3.8037973,6.6941212
21303003: Ward 3,34.7319508,29.6211992,3.2132212,20.2284393,2.6927609,1.4443924,1.4962076,0.5780481,0.1781105,0.1261928,0.1449953,0.0186933,5.5086872,0.0171015
21303004: Ward 4,31.7051128,26.8849094,5.5019925,18.0359022,2.0019131,1.2774388,0.9933428,0.3457112,0.1215182,0.0210544,0,0,13.1111045,0
21304001: Ward 1,36.7069306,32.6666155,4.753536,17.2154949,1.7435242,1.0452648,0.7829343,0.4543256,0.1898258,0,0.0128343,0.0331787,4.2383304,0.1572047
21304002: Ward 2,39.2184353,30.5136086,4.1314834,18.1347441,2.1386289,1.238825,1.0350623,0.3573435,0.079074,0.0158886,0.0165081,0.0323967,3.0880015,0
21304003: Ward 3,42.1859722,28.8598825,5.7938917,19.5569825,1.1126199,0.5073248,0.7341412,0.2407308,0.0672629,0,0.0170618,0.0165696,0.9075601,0
21304004: Ward 4,48.0477347,14.7527271,4.2901738,10.0101273,4.1998952,4.0549778,6.3967003,3.5324842,0.4726145,0.0622414,0.0622414,0.1042146,3.7004783,0.3133895
21304005: Ward 5,37.5533978,25.3768765,2.9673726,18.485072,1.5772656,1.2214171,1.1870916,0.5221077,0.0386281,0.0903054,0,0,3.6193547,7.3611109
21304006: Ward 6,38.8399282,10.0969745,2.304934,10.3573162,5.3803021,6.4663096,7.9984489,7.4427815,1.5163395,0.1574051,0.1405582,0,2.1142591,7.1844432
21304007: Ward 7,40.678211,25.8410725,4.0244163,11.4370627,4.5285249,2.5045691,2.3341251,0.8179944,0.3092409,0.0105069,0.0531575,0.0637138,7.3974049,0
21304008: Ward 8,43.7205774,19.2058374,4.4621041,14.774144,4.0262101,3.3783909,4.9284281,2.5856013,0.2381583,0.0687637,0.08457,0.0332712,2.3443463,0.1495972
21304009: Ward 9,42.7715263,24.1249123,5.4425061,16.750334,2.358161,1.2266417,1.4512911,0.6051508,0.0482722,0.0158223,0.0159147,0.0159147,5.1735528,0
21304010: Ward 10,43.0621837,27.3372158,2.2587785,17.5626045,1.6173281,1.8088921,1.8891585,1.0652586,0.0794341,0,0,0,2.9939003,0.3252457
21304011: Ward 11,44.9395363,28.0590861,3.9690374,13.5844231,1.9660681,1.8394252,1.9539372,1.2292056,0.201285,0.0534798,0.0133894,0.0143385,2.1767882,0
21304012: Ward 12,39.7686607,29.2816273,4.1094721,20.4014944,1.2406383,0.6495458,0.3933283,0.3656755,0.019579,0,0.0397395,0.0618745,3.6683648,0
21304013: Ward 13,35.8189741,24.5112989,7.4398147,22.9981376,1.4910712,0.7608685,0.9077088,0.2085111,0.0436491,0,0,0,3.7265986,2.0933676
21304014: Ward 14,42.0212413,28.9445076,4.1698951,18.7154324,1.4154084,1.3599616,1.170573,0.3243214,0.1123225,0.0583601,0.0188384,0,1.6891381,0
21304015: Ward 15,41.8420728,23.4337206,3.0008817,16.597227,4.0185923,2.8507949,4.4632515,1.3558702,0.2565153,0,0.0456039,0.023691,1.6762554,0.4355235
21304016: Ward 16,40.6827598,27.3680218,3.9218775,13.9119437,2.230515,2.3882266,3.0796661,1.9123377,0.3655204,0.0366948,0.1136611,0.0532148,2.2283761,1.7071848
21304017: Ward 17,40.7350347,28.9231459,4.6657386,13.823284,2.8211063,1.0576678,1.7236697,0.6537474,0.2115388,0,0.0318776,0,5.3531893,0
21304018: Ward 18,38.176009,22.8915998,4.6477246,15.5604179,4.90595,3.1600686,2.7346479,1.0263135,0.3321392,0.044141,0.0364127,0.0948747,4.0846587,2.3050424
21304019: Ward 19,42.8340104,20.4374292,3.1631613,12.5357879,6.0547281,3.484486,2.6875518,1.4799877,0.1674968,0.0515563,0.051516,0.0633576,6.9889311,0
21304020: Ward 20,49.8093264,17.8565198,2.3359621,9.8746879,4.2647594,3.6989058,5.0800667,2.5159072,0.4517705,0.0682536,0.0683528,0.0683528,3.907135,0
21304021: Ward 21,45.6809918,20.1448202,4.0933122,14.2417893,5.6999811,3.2224531,2.2133392,0.9792778,0.0926532,0.0364512,0,0,3.5949309,0
21304022: Ward 22,46.016544,18.6905154,3.785284,16.3189855,5.3846605,3.3735924,3.2621648,1.5804481,0.0710333,0,0.0140928,0,1.5026792,0
21304023: Ward 23,42.6143311,20.9944478,3.8992079,15.863069,6.8640397,3.0794725,2.2551556,0.8376519,0.2611601,0.0479501,0.0240541,0.0733006,2.6300406,0.556119
21304024: Ward 24,42.8972257,17.3569803,3.2079068,12.4847698,5.1498938,3.9861964,3.9522269,3.1560423,0.4787575,0.0387637,0.0560822,0.0361884,5.1362275,2.0627387
21304025: Ward 25,41.4566094,15.21139,2.859286,9.5164315,4.4734072,3.3148734,4.4178112,5.0071246,0.6492921,0.1635297,0.1199907,0.1388026,9.6171077,3.0543438
21304026: Ward 26,31.6041206,8.204391,2.9643667,9.2510957,3.6774299,6.2663851,10.0462423,8.1917671,3.5984271,1.0086143,0.528169,0.2213696,3.7653075,10.6723142
21304027: Ward 27,38.7830035,27.1582842,5.2898253,15.9151621,3.0759161,1.870691,1.7578572,1.1713156,0.2511863,0.0309271,0,0.0482818,2.9358141,1.7117359
21305001: Ward 1,34.2343454,34.1664794,3.6805095,20.4183514,1.5730641,0.2532764,0.3341236,0.0957278,0.0957278,0,0,0,3.3139938,1.8344008
21305002: Ward 2,41.0858102,29.753283,2.5275455,21.0685244,0.8883851,1.1637901,1.084851,0.3650789,0.0604326,0.0409998,0,0.0409998,1.9202995,0
21305003: Ward 3,35.4615324,30.0717264,5.5787817,23.5630928,0.8418299,0.7575849,0.4300042,0.2733521,0.0497485,0,0,0,2.972347,0
21305004: Ward 4,40.7234905,29.0700189,4.4586387,20.0209407,1.0603643,1.1467145,0.8697635,0.4700948,0.0865886,0,0.0147473,0.0143219,2.0643163,0
21305005: Ward 5,36.78263,37.2812165,2.7353573,16.9921383,1.4908899,0.7500836,0.4207949,0.3334301,0.057038,0.0281077,0.0149578,0.0562153,3.0571409,0
21305006: Ward 6,41.6480423,30.2601586,2.9011246,17.2735173,2.3012364,1.0583885,0.889434,0.3832035,0.1551,0.0310918,0.0165458,0.0165458,3.0656115,0
21305007: Ward 7,37.0532524,36.8190833,3.3292026,17.9817482,0.9291074,0.6510258,0.6666005,0.1966994,0.1214497,0,0,0.0170363,2.2347944,0
21305008: Ward 8,35.4029176,28.8624917,4.2211451,15.2136005,2.6512041,2.5507542,2.9664939,1.5038048,0.2114789,0,0.042245,0,1.9239475,4.4499166
21305009: Ward 9,36.0311401,35.4588067,5.3168804,16.2911727,1.1443511,0.5761653,0.5535859,0.182745,0.0604092,0.0423681,0,0,2.8581813,1.4841943
21305010: Ward 10,39.4393884,33.1016246,3.0379956,18.1324417,1.4616507,0.8738837,0.9823125,0.5442172,0.0566772,0,0.0380882,0.018589,1.0445602,1.2685711
21305011: Ward 11,40.8739889,34.2102704,3.5297417,17.5021564,0.4495253,0.3903737,0.2180979,0.112037,0.02155,0,0,0,2.6922589,0
21305012: Ward 12,38.1093422,28.0204567,3.5581375,16.6822173,1.0458455,0.6549214,0.9224055,0.6893754,0.1605717,0,0,0.0356375,10.1210892,0
21305013: Ward 13,39.8118016,32.4615578,3.3034783,17.3425183,1.2711915,0.9687553,0.9880902,0.5535901,0.1229742,0.0153499,0.0468014,0.0153499,3.0985417,0
21305014: Ward 14,35.8524408,19.9485894,3.9332758,7.7814826,4.729807,3.7762332,4.7494975,3.1421124,0.2694497,0.0519374,0.0657426,0.025525,4.1854455,11.488461
21305015: Ward 15,40.5369379,31.3317594,3.0206506,16.9567927,1.7163316,1.4259436,1.2185595,0.6321979,0.0962635,0,0,0,2.953176,0.1113872
21305016: Ward 16,37.0671717,37.3601009,2.9846674,17.395437,0.7553698,0.5515979,0.5117617,0.3119302,0.1070588,0.0131529,0,0,2.8943537,0.047398
21305017: Ward 17,40.7875948,31.7814681,4.3033784,16.5749542,1.2715797,0.8572753,1.296499,0.6322318,0.1639709,0.0162521,0.0666001,0,2.2481956,0
21305018: Ward 18,43.0940823,31.6434432,3.4035899,16.0149962,1.3568341,1.1801664,0.6962667,0.3766326,0.0766331,0.0161704,0,0.0154155,2.1257697,0
21305019: Ward 19,38.7931831,34.9741267,3.6157964,16.1239984,1.2209108,0.8941733,0.5176082,0.1287297,0.3392431,0,0,0.1460276,3.2462028,0
21305020: Ward 20,37.5193541,35.371537,3.2274757,18.6344147,0.6659067,0.4852758,0.5238312,0.4251542,0.1163144,0,0.0191017,0.0562031,2.9554316,0
