ward_id,no_income,r_1_r_400,r_401_r_800,r_801_r_1_600,r_1_601_r_3_200,r_3_201_r_6_400,r_6_401_r_12_800,r_12_801_r_25_600,r_25_601_r_51_200,r_51_201_r_102_400,r_102_401_r_204_800,r_204_801_or_more,unspecified,not_applicable
10101001,36.082,16.384,3.886,17.689,5.989,5.121,4.484,2.475,0.847,0.17,0.151,0.067,5.167,1.489
10101002,31.787,15.469,2.324,19.41,8.122,5.212,4.224,2.602,1.001,0.294,0.177,0.187,3.985,5.205
10101003,41.575,16.186,3.244,17.323,8.075,4.308,3.021,1.397,0.402,0.017,0.034,0,4.419,0
10101004,33.423,14.21,2.156,20.265,9.007,4.976,3.956,1.534,0.336,0.064,0.02,0.024,4.427,5.601
10101005,27.474,10.886,1.522,28.867,5.836,5.66,6.466,4.79,1.647,0.624,0.117,0.016,3.654,2.439
10101006,36.987,10.667,3.227,24.263,7.32,4.466,3.069,2.033,0.324,0.131,0.134,0.066,7.284,0.028
10101007,29.427,14.121,4.245,22.792,7.844,5.883,3.77,2.59,0.678,0.197,0.139,0.027,3.782,4.504
10101008,32.149,19.371,4.556,21.563,5.852,3.02,2.917,1.626,0.607,0.103,0.147,0.103,5.92,2.067
10102001,22.642,14.885,3.324,35.328,8.247,2.109,1.396,0.592,0.305,0.129,0.037,0.018,9.604,1.381
10102002,29.227,7.479,2.431,13.73,13.118,7.162,5.047,3.203,0.799,0.228,0.019,0.039,7.412,10.105
10102003,46.045,4.515,2.726,15.59,8.531,6.001,3.271,2.177,0.298,0.043,0.08,0.105,7.348,3.27
10102004,29.093,11.164,3.554,28.732,6.027,3.144,2.232,1.267,0.275,0.136,0.081,0,10.749,3.546
10102005,35.597,14.32,2.338,19.947,9.084,5.503,3.363,2.066,0.473,0.125,0.016,0.095,3.278,3.795
10102006,32.218,7.168,2.625,30.214,8.35,3.223,2.588,1.809,0.612,0.128,0.122,0.098,8.665,2.18
10103001,24.237,9.56,2.131,25.101,9.184,3.861,5.172,3.398,0.971,0.196,0.102,0.222,7.119,8.747
10103002,27.061,19.467,4.264,27.927,9.086,4.387,1.883,0.703,0.204,0,0,0,4.903,0.115
10103003,26.574,12.728,2.466,23.754,10.543,4.707,4.797,3.418,1.114,0.248,0.232,0.1,5.755,3.564
10103004,35.896,11.175,2.522,19.1,11.511,5.122,2.484,1.242,0.175,0.012,0.037,0,6.475,4.249
10103005,24.977,8.303,1.746,28.917,8.495,3.119,2.451,1.481,0.424,0.167,0.068,0.061,7.319,12.47
10103006,30.407,4.526,3.535,18.788,10.328,5.266,4.707,2.373,0.282,0.375,0.119,0.158,7.669,11.466
10103007,39.088,6.433,2.849,12.074,9.627,6.68,5.122,3.45,1.196,0.245,0.126,0.054,10.86,2.197
10104001,50.896,10.187,1.78,10.148,10.42,7.026,2.619,1.131,0.196,0.028,0.014,0,5.495,0.06
10104002,46.829,15.907,3.04,10.878,11.055,5.273,1.575,0.475,0.066,0,0,0.056,4.847,0
10104003,28.573,5.141,2.163,8.402,5.963,7.337,4.602,3.19,0.583,0.057,0.097,0.095,6.868,26.93
10104004,45.993,16.157,1.936,13.435,10.098,6.897,1.953,0.386,0.095,0,0,0,3.049,0
10104005,32.259,2.603,1.227,5.94,5.891,9.731,12.417,10.203,4.346,0.737,0.41,0.212,11.865,2.16
10104006,28.743,1.017,0.969,5.929,7.838,8.818,8.929,7.512,4.268,1.177,0.269,0.188,23.28,1.063
10104007,40.716,9.551,3.282,18.2,9.425,8.186,4.219,2.179,0.477,0.067,0.082,0.016,3.374,0.225
10104008,26.896,1.713,1.215,5.75,6.317,9.63,13.496,9.717,2.091,0.595,0.271,0.225,22.086,0
10104009,46.744,13.389,3.895,8.709,13.751,5.505,2.125,0.741,0.12,0,0.014,0.031,4.6,0.376
10104010,38.615,3.987,1.38,9.961,8.832,7.74,7.049,5.522,1.813,0.396,0.184,0.099,10.105,4.318
10104011,38.302,5.17,3.369,12.745,9.139,6.994,5.396,3.889,1.351,0.583,0.238,0.085,11.633,1.106
10104012,45.716,16.783,4.974,13.472,7.869,4.4,2.056,0.968,0.212,0.014,0.014,0,3.167,0.357
10104013,47.989,5.619,1.928,11.554,7.833,8.479,7.557,4.044,0.355,0.101,0.034,0.068,4.44,0
10105001,24.813,6.156,2.33,11.951,7.248,4.681,4.055,2.666,0.87,0.296,0.122,0.11,2.535,32.166
10105002,41.482,11.027,2.897,16.217,10.608,6.693,4.673,1.993,0.374,0.093,0.039,0.013,2.354,1.538
10105003,33.739,11.409,3.787,22.039,8.522,4.539,3.586,2.363,0.891,0.125,0.092,0.084,5.472,3.353
10105004,28.796,5.802,3.447,19.126,10.603,3.531,2.657,1.846,0.621,0.276,0.042,0.016,11.541,11.697
10105005,32.823,3.264,2.015,15.719,12.521,6.315,6.55,5.256,1.82,0.56,0.129,0.161,12.11,0.758
10105006,51.601,2.779,2.674,15.631,15.157,4.949,1.751,1.516,0.325,0.052,0.028,0.029,3.482,0.024
10105007,33.169,7.345,2.08,17.748,9.046,5.78,3.897,2.202,0.535,0.11,0.059,0.009,8.525,9.494
10105008,26.244,2.996,1.879,8.91,9.395,6.349,6.038,4.975,1.454,0.405,0.278,0.052,19.248,11.776
10105009,53.166,12.438,2.959,13.548,10.254,2.819,0.904,0.289,0.097,0.015,0,0.014,3.5,0
10105010,34.611,0.695,0.748,7.39,5.545,8.383,10.082,9.151,2.902,0.721,0.166,0.094,11.433,8.078
10105011,41.448,8.445,2.31,13.481,11.922,5.641,1.999,0.749,0.127,0,0,0,13.878,0
10105012,24.624,15.146,3.365,25.023,8.041,2.47,2.961,1.92,0.723,0.257,0.113,0.071,5.994,9.293
10202001,45.683,17.261,4.061,16.289,8.003,2.673,0.982,0.455,0.05,0.017,0.05,0,4.476,0
10202002,33.258,10.988,3.697,26.409,7.065,3.186,3.943,2.04,1.142,0.384,0.131,0.1,7.528,0.129
10202003,31.808,9.714,2.947,16.717,10.091,5.732,4.976,3.588,1.467,0.342,0.138,0.08,8.176,4.226
10202004,40.748,8.747,2.998,17.548,10.716,6.135,4.457,2.57,0.748,0.225,0.066,0.016,4.823,0.204
10202005,28.472,9.675,2.717,23.32,8.354,5.088,5.439,4.725,1.131,0.252,0.066,0.04,8.677,2.045
10202006,40.759,14.349,5.844,15.142,10.195,4.984,2.081,0.93,0.272,0.043,0.021,0,5.224,0.154
10202007,38.622,15.732,2.654,18.064,8.968,4.138,2.7,1.6,0.441,0.094,0.105,0.025,5.316,1.541
10202008,10.819,6.842,10.461,48.76,7.634,2.168,1.074,0.924,0.377,0.075,0,0,10.838,0.029
10202009,14.357,9.842,5.984,47.974,7.949,2.467,1.627,1.423,0.449,0.075,0.075,0.03,4.959,2.789
10202010,25.35,11.78,4.261,38.533,8.059,1.182,0.644,0.678,0.209,0.095,0,0.057,9.151,0
10202011,32.425,8.858,4.358,25.704,6.711,3.919,2.69,1.634,0.625,0.1,0.042,0.025,8.97,3.941
10202012,26.889,7.244,5.633,30.041,9.313,2.192,1.464,0.633,0.416,0.043,0.1,0.043,8.468,7.519
10203001,30.189,3.387,2.632,16.681,13.12,4.606,2.883,1.993,1.18,0.271,0.213,0.039,22.796,0.01
10203002,26.418,0.664,0.818,2.662,4.396,9.065,16.078,14.699,5.827,1.326,0.235,0.423,10.687,6.703
10203003,17.82,7.278,1.801,24.009,10.802,3.165,2.879,2.548,0.817,0.179,0.109,0.016,28.577,0
10203004,20.528,0.365,0.706,2.635,3.74,8.121,10.759,10.727,6.158,2.742,0.705,0.333,17.156,15.325
10203005,50.825,12.033,2.664,12.624,9.366,2.942,0.614,0.185,0.087,0,0,0.012,8.532,0.115
10203006,64.463,5.85,3.527,7.306,7.576,2.17,1.156,0.587,0.222,0,0,0,7.145,0
10203007,41.632,13.815,2.95,12.874,10.805,8.123,3.41,1.131,0.216,0.025,0.087,0.038,4.893,0
10203008,57.233,13.108,2.748,7.092,6.971,3.7,1.195,0.372,0.634,0,0.063,0.063,6.821,0
10203009,54.779,9.876,2.281,7.131,6.294,3.47,2.482,1.068,0.153,0.037,0.034,0.017,12.378,0
10203010,37.623,14.663,1.982,14.62,11.79,7.453,3.091,1.099,0.212,0.043,0.029,0,4.471,2.922
10203011,46.183,10.646,2.263,11.372,8.948,6.994,4.721,2.742,0.42,0.09,0.058,0.079,5.427,0.058
10203012,61.226,7.129,2.36,9.447,6.102,4.369,1.74,0.489,0.115,0.018,0,0,7.006,0
10203013,42.072,12.149,2.548,13.011,11.332,7.672,4.644,1.169,0.06,0.015,0.045,0,5.282,0
10203014,32.422,19.822,2.454,15.641,10.745,4.11,1.166,0.273,0.087,0.017,0.033,0.026,13.203,0
10203015,26.169,0.765,0.923,2.971,3.971,6.738,11.98,12.382,7.35,3.325,0.963,0.425,17.423,4.614
10203016,45.667,16.141,4.469,11.65,8.709,2.822,0.943,0.314,0.079,0,0.015,0,9.191,0
10203017,22.574,3.934,1.555,11.11,6.345,6.793,7.447,6.54,1.896,0.23,0.17,0.18,29.814,1.412
10203018,29.164,6.949,1.748,13.617,6.361,5.955,6.185,4.562,1.471,0.344,0.135,0.117,9.965,13.426
10203019,26.31,1.126,1.029,5.626,4.936,10.395,13.659,10.798,3.29,0.728,0.481,0.295,8.778,12.549
10203020,31.613,8.695,1.424,15.384,7.617,8.919,6.435,3.953,0.429,0.071,0.178,0,15.282,0
10203021,31.274,10.094,2.609,14.724,7.798,4.191,1.026,0.325,0.041,0.01,0.08,0,26.302,1.525
10203022,25.182,1.928,1.342,8.235,7.866,8.51,9.984,7.995,1.482,0.385,0.229,0.135,23.286,3.44
10203023,21.888,2.295,0.939,9.949,5.813,7.555,7.514,7.18,2.367,0.322,0.189,0.057,27.881,6.049
10203024,38.706,12.041,2.559,18.434,7.638,4.569,2.303,0.984,0.122,0.106,0.07,0.106,12.362,0
10203025,32.532,9.423,2.314,12.374,5.894,3.877,3.484,2.024,0.245,0.025,0.07,0,18.265,9.474
10203026,38.467,5.284,1.511,14.357,7.913,8.105,5.127,1.95,0.139,0.023,0.023,0.035,17.065,0
10203027,41.036,7.386,1.891,13.571,7.833,4.981,2.066,0.387,0.116,0,0,0,20.732,0
10203028,26.012,2.155,1.705,11.038,6.018,3.064,4.473,4.352,2.144,1.195,0.498,0.259,10.491,26.596
10203029,25.242,5.634,1.979,11.208,7.85,6.732,7.011,6.301,2.793,0.801,0.244,0.076,21.701,2.428
10203030,28.743,23.682,3.499,28.68,5.923,3.377,2.144,1.317,0.25,0.11,0.055,0.047,2.164,0.01
10203031,29.694,17.108,3.789,21.275,9.074,3.91,2.268,1.23,0.35,0.107,0.084,0.024,6.826,4.26
10204001,43.556,1.562,1.976,12.048,12.668,5,3.016,2.227,1.095,0.456,0.252,0.064,14.117,1.961
10204002,48.074,4.026,6.3,12.535,9.543,2.892,1.714,0.599,0.204,0.016,0.094,0.016,13.989,0
10204003,38.8,5.339,2.314,16.534,14.273,6.085,2.912,1.794,0.595,0.301,0.142,0.142,10.746,0.022
10204004,34.177,4.39,2.54,13.65,9.398,7.993,6.189,4.389,1.217,0.224,0.07,0.081,15.684,0
10204005,26.277,1.734,0.972,6.032,12.259,6.796,5.252,3.965,0.835,0.173,0.063,0.152,35.49,0
10204006,33.724,0.998,1.292,10.561,9.652,8.593,6.407,3.742,1.136,0.147,0.061,0.04,23.375,0.273
10204007,40.835,0.765,0.77,2.972,4.858,4.804,7.438,8.416,5.772,3.41,0.869,1.052,9.157,8.882
10204008,5.974,0.738,1.194,5.205,3.548,2.087,0.948,0.782,0.292,0.233,0,0.042,1.038,77.919
10204009,27.163,0.641,0.54,0.901,2.58,3.89,4.496,3.786,1.936,0.739,0.243,0.561,1.558,50.967
10204010,43.186,1.422,1.591,5.797,8.8,7.726,5.884,4.301,1.322,0.293,0.23,0.022,12.595,6.831
10204011,28.066,1.161,1.425,9.733,11.676,5.94,6.104,6.277,2.781,0.49,0.272,0.199,15.21,10.664
10204012,46.08,8.745,3.226,10.217,12.269,3.33,0.875,0.263,0.245,0.029,0.015,0.03,14.677,0
10204013,28.669,3.928,1.896,9.54,11.133,7.637,4.139,1.894,0.191,0.098,0.098,0.047,27.347,3.384
10204014,39.306,3.588,3.008,9.145,12.88,4.165,1.21,0.378,0.068,0,0,0.021,26.192,0.038
10204015,43.629,4.761,3.53,8.241,10.74,3.654,1.292,0.474,0.203,0.043,0.023,0.022,23.379,0.01
10204016,35.155,2.556,2.152,12.986,9.996,5.487,2.494,0.714,0.303,0.027,0,0.014,18.876,9.24
10204017,37.166,1.948,1.528,9.249,6.976,8.771,9.481,9.221,3.939,0.824,0.171,0.252,8.221,2.252
10204018,38.555,3.946,4.092,11.336,11.618,4.022,1.385,0.754,0.292,0.198,0.014,0.022,23.699,0.068
10204019,29.553,3.521,3.124,15.452,8.891,4.486,3.625,1.768,1.229,0.348,0.202,0.14,22.601,5.06
10204020,29.583,2.37,2.806,17.613,14.378,4.666,4.08,3.905,1.844,0.438,0.337,0.162,15.534,2.285
10204021,31.619,2.885,1.995,8.251,9.245,6.682,6.369,7.523,4.863,3.162,1.323,0.868,14.856,0.358
10204022,27.443,1.124,0.899,3.376,4.376,5.939,8.951,11.091,8.53,3.941,1.596,0.715,12.437,9.583
10205001,43.244,10.117,5.014,16.588,7.719,3.997,2.35,1.189,0.183,0.036,0.027,0,8.577,0.96
10205002,47.821,4.409,1.697,29.175,3.534,0.817,0.348,0.121,0.131,0,0,0,11.947,0
10205003,25.704,4.747,2.663,28.407,3.675,1.438,1.164,0.643,0.25,0.046,0.075,0.039,30.825,0.323
10205004,21.812,4.534,2.137,31.876,3.826,1.977,1.666,1.008,0.523,0.063,0,0.044,29.102,1.433
10205005,22.952,15.09,4.068,29.991,8.936,3.371,2.306,1.911,0.791,0.227,0.12,0.044,10.132,0.061
10205006,24.654,0.765,0.986,6.817,5.104,8.87,11.194,7.809,2.975,0.744,0.404,0.25,19.481,9.946
10205007,22.143,0.47,1.083,4.538,6.504,12.547,13.704,9.705,2.424,0.535,0.272,0.156,12.567,13.35
10205008,47.856,8.366,2.942,14.282,8.915,6.382,3.442,1.001,0.153,0.011,0,0.039,6.409,0.202
10205009,46.586,5.061,1.922,13.962,9.105,8.65,4.068,2.036,0.57,0.035,0,0.052,5.761,2.191
10205010,49.305,2.901,3.52,14.427,9.388,7.231,3.939,1.387,0.087,0.06,0.038,0,7.49,0.227
10205011,45.671,4.624,3.092,9.588,9.137,9.469,6.38,4.739,0.411,0.072,0.035,0.088,6.692,0
10205012,35.862,3.641,1.45,8.564,8.511,9.345,6.433,2.322,0.406,0.044,0.03,0.075,5.385,17.932
10205013,35.422,4.348,1.716,11.121,9.538,8.484,6.444,5.446,0.748,0.062,0.078,0.062,14.595,1.936
10205014,44.283,9.928,3.179,15.356,7.778,8.806,4.401,2.654,0.184,0.017,0.057,0,3.357,0
10205015,22.968,2.145,1.083,8.934,4.97,8.171,9.268,8.333,2.367,0.583,0.223,0.225,9.028,21.702
10205016,43.054,20.034,4.08,12.673,10.937,4.055,0.873,0.401,0.076,0.015,0,0,3.802,0
10205017,46.519,20.093,2.652,12.68,9.568,4.107,1.744,0.48,0.202,0.033,0,0,1.923,0
10205018,32.556,13.005,2.225,29.29,5.951,2.721,1.191,0.863,0.35,0.024,0.095,0,11.729,0
10205019,36.548,3.3,5.154,33.877,5.657,1.791,1.163,1.257,0.314,0,0.126,0.031,10.685,0.098
10205020,36.175,5.367,3.521,27.799,5.766,4.209,2.298,1.443,0.429,0.154,0.12,0.05,6.455,6.215
10205021,36.312,17.303,4.212,13.011,10.257,5.167,2.246,0.898,0.192,0.017,0.03,0.015,5.722,4.617
10206001,37.267,5.337,4.399,13.553,9.846,7.021,5.97,3.955,0.843,0.251,0.042,0.148,8.894,2.475
10206002,40.635,10.97,2.862,11.541,7.073,5.227,4.477,2.758,1.096,0.217,0.095,0.108,9.471,3.471
10206003,34.327,10.847,2.478,13.559,10.056,4.792,2.862,1.843,0.264,0.068,0.027,0.028,14.074,4.774
10206004,32.83,20.732,4.681,18.485,8.83,4.391,1.533,0.615,0.118,0.028,0.074,0.015,7.67,0
10206005,31.657,3.589,6.091,23.127,8.023,2.783,2.612,1.369,0.522,0.276,0.084,0.085,19.002,0.78
10206006,30.319,14.073,2.565,24.815,9.878,3.748,2.913,1.554,0.375,0.083,0.107,0.039,9.53,0
10206007,27.686,9.011,2.209,18.531,8.47,5.584,4.629,2.979,0.556,0.229,0.051,0.058,9.615,10.393
10206008,25.941,6.131,3.935,30.467,6.384,3.053,2.971,2.026,0.747,0.247,0.092,0.097,17.312,0.597
10206009,47.283,11.445,4.091,12.11,7.844,5.905,3.487,1.918,0.575,0.082,0.029,0.053,3.337,1.84
10206010,52.787,16.839,4.142,10.317,6.389,2.507,1.289,0.555,0.142,0.04,0.065,0,4.927,0
10206011,28.994,13.989,6.819,25.697,7.066,2.775,2.892,2.336,1.124,0.19,0.061,0.065,5.402,2.59
10206012,28.92,20.05,3.737,27.36,7.824,1.875,1.415,0.822,0.279,0.046,0.025,0.04,7.527,0.079
10304001,30.085,8.184,2.326,15.147,11.427,6.413,7.221,3.912,1.309,0.24,0.185,0.196,11.047,2.309
10304002,26.607,15.177,3.492,25.461,8.987,4.946,3.206,1.688,0.265,0.079,0,0.024,5.354,4.715
10304003,34.622,13.567,3.311,20.961,11.407,4.233,3.011,1.898,0.937,0.172,0.164,0.081,5.29,0.347
10304004,31.724,8.175,2.565,10.001,8.402,6.812,8.145,4.461,1.875,0.551,0.204,0.227,6.966,9.892
10304005,41.922,14.854,4.5,18.079,9.869,4.199,1.799,0.741,0.195,0,0,0,3.798,0.044
10301001,37.882,12.38,3.635,18.818,10.176,4.663,3.183,2.096,0.709,0.179,0.081,0.129,4.568,1.502
10301002,29.349,10.398,5.209,24.107,7.652,3.407,3.184,2.117,0.663,0.3,0.06,0.028,11.002,2.523
10301003,37.959,7.21,3.046,16.699,12.116,6.292,3.959,1.917,0.266,0.032,0.032,0.02,5.02,5.432
10301004,28.785,5.138,2.383,15.048,11.744,6.047,7.124,5.704,1.477,0.316,0.134,0.033,9.28,6.787
10301005,17.639,8.26,3.341,20.772,6.296,3.701,5.766,2.97,0.697,0.114,0.033,0.11,14.853,15.446
10301006,26.139,10.181,5.082,25.561,8.831,2.729,1.603,0.562,0.318,0,0.07,0,18.895,0.029
10301007,29.666,4.46,1.369,15.555,10.371,3.977,2.707,1.135,0.495,0.129,0.058,0.014,24.627,5.436
10301008,42.355,9.397,4.401,15.375,9.012,3.334,2.378,0.327,0.162,0,0.024,0,13.234,0
10301009,15.013,6.95,1.783,28.471,11.758,2.077,0.782,0.559,0.65,0.12,0.048,0,29.275,2.514
10301010,22.069,3.162,3.032,20.635,11.996,4.173,3.032,1.565,0.848,0.13,0.033,0,28.817,0.508
10301011,35.244,12.021,3.21,16.806,6.388,3.296,2.953,1.734,0.54,0.139,0.022,0.068,17.504,0.076
10301012,35.356,11.741,3.93,14.965,9.56,2.623,0.929,0.581,0.298,0.054,0,0.029,19.774,0.158
10301013,32.189,8.328,2.387,12.189,8.832,5.016,4.133,2.098,0.499,0.067,0.032,0.016,21.686,2.527
10302001,43.161,9.311,2.576,11.344,11.088,6.331,4.417,1.723,0.447,0.15,0.036,0,9.399,0.015
10302002,35.143,7.189,3.231,8.039,9.703,8.972,5.994,2.564,0.731,0.224,0.086,0.035,12.159,5.928
10302003,19.553,0.567,0.994,3.077,4.733,10.176,12.577,13.221,5.78,2.286,0.45,0.418,8.31,17.86
10302004,33.011,4.928,2.165,13.946,14.043,8.008,3.935,2.419,0.65,0.207,0.053,0.03,11.528,5.076
10302005,46.303,7.106,3.56,13.647,11.766,2.673,0.566,0.187,0.056,0,0,0,14.136,0
10302006,37.792,7.625,4.343,12.002,12.249,4.055,2.04,0.768,0.162,0.036,0.056,0.018,18.854,0
10302007,28.475,0.376,0.698,4.796,4.546,11.444,12.827,9.18,3.453,0.794,0.415,0.148,19.12,3.73
10302008,39.617,13.64,2.98,15.319,11.532,6.255,3.512,1.707,0.348,0.157,0.025,0.013,4.896,0
10302009,24.659,2.628,2.142,6.016,7.575,14.03,15.75,9.97,2.511,0.686,0.246,0.295,12.265,1.228
10302010,36.319,7.319,4.157,9.531,8.663,7.438,7.215,4.29,1.646,0.355,0.19,0.176,12.355,0.346
10302011,35.023,10.681,4.008,15.174,9.171,4.906,3.706,2.074,0.783,0.146,0.047,0.124,12.717,1.442
10302012,40.914,15.255,3.884,11.759,14.964,3.463,0.866,0.463,0.065,0.021,0.043,0,8.303,0
10302013,22.582,1.239,0.968,4.661,5.842,11.235,13.939,11.882,4.938,1.286,0.39,0.279,16.645,4.115
10303001,34.064,7.316,2.555,17.628,10.707,6.176,3.691,2.018,0.42,0.101,0.091,0.083,10.464,4.687
10303002,36.371,8.549,2.952,17.187,12.154,6.445,4.412,2.775,0.568,0.087,0.068,0.015,7.621,0.797
10303003,29.931,8.482,7.691,20.686,12.902,4.387,1.125,0.264,0.15,0,0,0.094,14.287,0
10303004,32.097,3.824,1.275,8.697,10.229,8.146,11.093,8.567,2.044,0.661,0.357,0.064,12.475,0.472
10303005,29.485,11.892,4.216,15.422,9.826,6.823,5.696,2.997,1.394,0.234,0.18,0.045,10.772,1.017
10401001,42.516,6.352,4.303,20.091,6.902,5.192,2.164,1.042,0.259,0.143,0.066,0.041,10.929,0
10401002,42.407,13.277,4.534,24.359,3.902,2.654,1.529,0.892,0.147,0.042,0,0.026,4.283,1.948
10401003,30.751,20.151,6.611,26.142,3.503,2.252,1.357,0.808,0.156,0,0.047,0.024,8.199,0
10401004,35.513,6.205,4.235,20.944,6.899,4.68,4.071,2.428,0.677,0.061,0.215,0.066,6.226,7.779
10402001,34.876,4.532,4.265,15.959,13.061,9.326,6.902,3.51,1.398,0.174,0.13,0.07,4.774,1.023
10402002,31.964,12.953,3.833,19.014,10.39,7.392,3.124,1.076,0.222,0.184,0.032,0.026,7.827,1.964
10402003,33.84,2.825,2.599,14.33,9.036,8.822,8.551,5.552,1.397,0.408,0.197,0.223,7.756,4.464
10402004,45.356,9.252,4.641,16.283,9.45,3.241,2.067,1.388,0.459,0.154,0.109,0.059,7.188,0.355
10402005,36.611,10.341,3.747,19.554,9.073,6.116,4.646,2.768,0.405,0.106,0.104,0,2.911,3.618
10402006,32.953,10.814,3.956,17.983,11.687,5.607,4.332,2.16,0.529,0.163,0.045,0.034,4.893,4.844
10402007,35.26,6.63,2.475,13.106,10.04,7.334,6.619,3.473,1.215,0.219,0.202,0.112,10.668,2.647
10402008,35.849,15.392,3.868,24.101,11.985,3.109,0.944,0.308,0.058,0,0,0,4.322,0.065
10403001,49.619,11.189,2.689,13.016,6.41,2.642,1.488,0.624,0.329,0.037,0.067,0.018,11.872,0
10403002,43.536,5.573,3.329,10.821,7.592,2.544,1.13,0.568,0.264,0,0.037,0,24.607,0
10403003,40.717,9.418,4.452,12.57,7.85,3.015,0.88,0.628,0.143,0,0.047,0,20.281,0
10403004,32.087,4.67,2.365,11.228,9.241,9.235,8.687,5.172,1.274,0.44,0.156,0.089,14.357,0.999
10403005,28.69,3.746,2.213,10.714,8.257,9.431,11.135,8.18,3.376,0.852,0.353,0.36,12.145,0.548
10403006,20.242,0.819,0.736,4.295,5.739,9.279,11.826,8.086,3.703,1.217,0.308,0.229,30.02,3.499
10403007,28.14,3.284,2.719,12.392,9.811,8.298,7.62,5.044,2.221,0.942,0.344,0.122,15.645,3.418
10403008,24.41,2.611,1.253,8.031,7.453,8.989,10.469,7.573,3.219,1.395,0.554,0.304,16.917,6.822
10403009,31.788,6.984,2.281,17.396,8.267,4.296,1.818,0.961,0.208,0.035,0.035,0,24.262,1.668
10403010,21.589,0.43,1.424,4.797,8.193,12.238,11.502,8.155,2.392,1.057,0.387,0.214,13.246,14.376
10403011,36.918,7.641,2.708,8.655,9.565,7.72,6.483,4.009,1.263,0.444,0.087,0.088,13.834,0.585
10403012,45.531,10.672,3.974,16.197,7.578,3.079,0.807,0.252,0.148,0.025,0,0,11.632,0.103
10403013,42.134,4.741,2.114,12.435,8.71,5.822,4.307,3.249,0.681,0.125,0.068,0.104,15.51,0
10403014,44.139,11.662,3.862,18.528,10.237,4.737,1.718,1.124,0.173,0.032,0,0.02,3.77,0
10404001,37.094,9.259,3.336,13.382,7.616,5.919,4.889,3.679,1.014,0.425,0.258,0.052,11.409,1.667
10404002,20.351,0.561,0.704,3.06,5.805,11.913,15.766,9.662,2.681,0.571,0.353,0.162,28.412,0
10404003,31.497,0.695,0.546,3.111,5.065,9.465,14.254,12.478,6.825,2.246,0.598,0.38,12.388,0.452
10404004,31.285,6.512,2.808,10.968,7.341,5.828,5.76,5.104,2.345,0.887,0.222,0.114,9.914,10.912
10404005,30.337,0.803,0.978,6.597,7.061,10.567,13.131,10.815,2.203,0.481,0.391,0.093,13.134,3.408
10404006,38.859,13.959,3.304,15.349,11.131,5.541,1.946,0.919,0.186,0.05,0.024,0.035,8.676,0.02
10404007,40.235,15.679,4.133,11.604,9.996,4.284,1.681,0.447,0.225,0.013,0.064,0,11.64,0
10404008,34.055,10.392,3.053,13.407,10.249,5.584,1.787,0.351,0.183,0.015,0.016,0,18.715,2.191
10404009,40.332,17.789,3.118,11.338,10.336,2.623,0.928,0.257,0.142,0.021,0.04,0.078,12.997,0
10404010,29.908,6.744,4.49,11.318,8.157,2.423,0.779,0.441,0.038,0,0.036,0,35.666,0
10404011,36.349,7.995,3.515,10.443,6.424,4.221,2.226,1.193,0.472,0.094,0.057,0.035,15.037,11.941
10404012,42.626,17.96,4.782,11.932,12.498,3.687,1.344,0.192,0.084,0,0,0,4.896,0
10404013,45.387,14.838,3.826,12.677,10.559,3.809,1.991,0.613,0.136,0.05,0.031,0.031,6.024,0.026
10404014,41.495,2.542,3.108,15.473,8.667,6.399,3.956,2.898,0.332,0.062,0.173,0.061,14.834,0
10404015,46.36,18.6,4.474,10.464,9.599,3.416,1.113,0.517,0.285,0.019,0.019,0.02,5.113,0
10404016,52.772,2.54,3.303,11.652,9.951,6.237,3.88,1.733,0.147,0.03,0.07,0.01,7.675,0
10404017,36.054,15.14,4.263,18.656,10.73,4.48,1.632,0.441,0.13,0.013,0.013,0.026,6.125,2.297
10404018,27.652,0.497,0.522,3.401,6.253,11.006,14.384,13.219,5.196,0.959,0.265,0.219,16.427,0
10404019,21.829,0.665,0.775,4.998,8.61,14.186,15.019,8.425,2.36,0.542,0.282,0.103,18.571,3.635
10404020,38.481,19.012,4.148,18.212,8.723,3.656,0.686,0.193,0.06,0,0.015,0,6.815,0
10404021,34.049,13.877,5.299,13.565,8.963,2.223,0.886,0.36,0.208,0.064,0.118,0.118,20.271,0
10404022,31.861,9.481,2.781,17.542,9.244,6.537,6.277,4.508,1.639,0.603,0.207,0.128,8.805,0.387
10404023,31.234,2.253,2.134,7.925,6.164,6.222,6.929,5.759,1.907,0.544,0.275,0.204,15.554,12.897
10404024,30.388,16.936,6.11,33.629,4.51,1.799,1.512,0.808,0.135,0.096,0.048,0.024,4.005,0
10404025,35.973,13.772,7.864,23.779,4.923,3.291,2.646,1.709,0.282,0.096,0.014,0.013,5.637,0
10405001,37.992,9.081,3.245,19.718,4.281,5.153,5.388,4.929,0.957,0.21,0.104,0.017,8.713,0.214
10405002,38.176,2.065,2.408,14.517,6.83,6.889,6.726,5.372,1.328,0.364,0.123,0.064,12.296,2.843
10405003,33.903,5.089,1.899,11.435,9.676,8.413,7.748,5.362,1.133,0.29,0.216,0.114,5.739,8.982
10405004,40.383,20.051,2.884,18.242,5.691,3.527,2.752,0.63,0.151,0,0,0.051,5.382,0.256
10405005,40.525,24.053,3.554,19.684,6.68,2.526,0.872,0.196,0.019,0,0.019,0.019,1.854,0
10405006,35.837,18.106,4.625,15.444,7.407,3.195,2.459,1.964,0.273,0.043,0.117,0.114,10.415,0
10405007,31.747,8.203,2.644,15.855,8.575,5.307,4.717,2.188,0.362,0.137,0.132,0.017,8.397,11.719
10405008,38.978,16.453,3.901,17.659,5.456,3.51,1.867,0.848,0.2,0,0.011,0.011,11.107,0
10405009,33.453,15.867,4.558,18.269,4.045,1.867,1.084,0.643,0.253,0.021,0.043,0,19.899,0
10405010,38.124,19.408,4.939,15.611,4.261,1.736,0.872,0.415,0.056,0,0.019,0,14.559,0
10405011,38.853,14.299,5.159,20.17,3.485,2.038,1.365,0.803,0.369,0.034,0.077,0.03,13.072,0.245
10405012,42.617,12.668,4.473,22.746,4.281,2.207,1.363,0.991,0.336,0.089,0,0,6.911,1.317
10405013,42.26,7.165,2.587,19.431,6.796,4.217,3.363,3.303,0.276,0.073,0.05,0.025,5.606,4.851
10407001,34.628,6.237,3.725,14.224,8.857,5.141,4.227,2.898,0.844,0.604,0.062,0.154,13.609,4.791
10407002,30.545,2.344,1.857,6.01,5.637,7.909,10.085,8.845,4.334,1.589,0.587,0.412,9.1,10.744
10407003,44.333,14.771,4.682,14.979,9.97,3.003,1.353,0.518,0.076,0.051,0.026,0,6.238,0
10407004,52.291,10.718,2.379,12.378,9.678,4.711,2.017,1.128,0.102,0.018,0.017,0,4.561,0
10407005,44.486,11.706,4.712,12.48,12.708,3.264,1.377,0.503,0.058,0,0,0.04,8.664,0
10407006,42.003,11.183,4.277,14.54,10.727,3.282,0.985,0.305,0.19,0,0.027,0,12.48,0
10407007,39.689,8.238,4.048,14.002,13.201,6.691,4.016,1.647,0.617,0.196,0.212,0.033,7.376,0.035
10408001,32.801,7.051,4.197,12.8,9.593,5.395,4.691,3.265,1.019,0.373,0.096,0.116,18.603,0
10408002,32.149,1.73,2.187,14.484,10.128,8.003,8.108,4.296,1.236,0.365,0.103,0.041,17.048,0.121
10408003,48.958,11.266,2.896,14.083,11.481,3.101,0.991,0.592,0.753,0.103,0.157,0.052,4.738,0.829
10408004,36.74,15.729,3.675,11.625,7.724,3.011,2.918,2.243,0.763,0.023,0.046,0.021,15.462,0.019
10408005,37.3,13.362,3.399,14.168,8.968,5.885,4.521,3.459,2.302,0.728,0.254,0.137,5.516,0
10408006,41.149,4.788,3.509,14.534,10.388,5.703,1.863,0.586,0.027,0,0.054,0.027,17.372,0
10408007,39.554,14.798,3.277,11.605,10.385,3.421,1.039,0.427,0.071,0.019,0.057,0,15.346,0
10408008,33.501,12.33,2.195,9.902,12.053,6.633,4.839,3.947,0.564,0.061,0.081,0.142,12.219,1.533
10408009,35.61,3.63,2.042,8.723,6.393,7.236,7.319,7.105,4.046,1.787,0.641,0.436,7.176,7.857
10408010,22.203,0.945,0.531,3.328,5.563,9.745,11.885,9.486,3.64,0.847,0.432,0.254,12.772,18.369
10501001,21.409,6.04,3.902,16.215,7.263,5.347,2.004,0.309,0.136,0.145,0.042,0,34.998,2.191
10501002,22.111,5.582,2.916,15.019,5.492,6.015,6.207,5.362,0.912,0,0.131,0.131,3.801,26.322
10501003,29.944,1.313,0.655,6.425,9.264,12.423,21.583,7.819,1.025,0,0,0,7.603,1.945
10501004,36.883,7.16,4.497,28.232,9.082,4.497,1.796,1.246,0.639,0.138,0.138,0,4.252,1.438
10502001,38.91,25.286,3.628,16.039,5.15,4.225,2.382,1.042,0.396,0,0,0.034,1.828,1.079
10502002,30.801,10.259,6.643,14.99,6.144,7.235,6.276,4.719,1.358,0.412,0.32,0.084,6.092,4.666
10502003,36.246,24.898,4.578,19.49,7.813,1.663,1.118,0.517,0.103,0,0.085,0.045,3.443,0
10502004,33.119,24.453,6.509,21.433,5.486,1.961,1.96,0.903,0.455,0,0.143,0.044,2.609,0.923
10503001,43.929,9.278,4.566,19.142,3.419,1.393,1.26,1.012,0.451,0.145,0.099,0.052,13.713,1.543
10503002,29.606,7.28,3.088,13.385,7.1,7.167,5.468,3.62,1.098,0.276,0.055,0.133,11.11,10.615
10503003,32.64,6.757,3.44,14.212,8.248,3.846,2.667,1.85,0.179,0.033,0.049,0.081,24.625,1.374
10503004,27.412,3.464,1.855,10.27,7.744,7.669,8.542,4.651,0.951,0.181,0.088,0.044,23.822,3.309
10503005,41.091,11.971,4.046,17.102,6.151,3.609,3.053,1.796,0.279,0.033,0.083,0.033,10.486,0.267
10503006,42.969,9.692,3.631,20.053,4.683,1.777,0.216,0.144,0.12,0,0.072,0,16.441,0.203
10503007,36.51,21.561,5.262,17.384,5.361,2.553,1.694,0.919,0.234,0.106,0.018,0.011,4.611,3.777
19100001,25.437,0.648,0.858,2.523,3.923,8.025,13.462,14.023,7.864,2.623,0.587,0.4,14.034,5.594
19100002,26.1,0.727,0.786,3.433,5.293,9.846,14.4,12.635,4.781,1.005,0.323,0.187,12.175,8.31
19100003,21.97,0.657,0.813,3.216,4.781,10.011,14.899,13.471,5.02,0.927,0.355,0.297,16.672,6.912
19100004,34.786,3.65,1.856,5.324,9.68,8.132,8.878,9.298,5.23,1.755,0.315,0.283,9.753,1.061
19100005,25.542,0.811,0.794,3.571,4.55,8.389,12.91,12.86,5.569,1.232,0.321,0.221,13.015,10.214
19100006,41.697,6.91,2.548,8.099,9.219,5.844,5.291,3.464,1.077,0.143,0.083,0.097,15.4,0.128
19100007,38.132,1.616,1.315,9.422,8.035,8.035,8.478,5.258,1.024,0.179,0.109,0.062,17.396,0.938
19100008,27.263,1.253,1.239,3.834,4.278,8.186,13.902,14.331,5.471,0.885,0.355,0.313,17.658,1.031
19100009,37.065,4.642,1.461,10.076,8.829,7.945,4.559,3.048,0.629,0.097,0.063,0.061,4.652,16.874
19100010,32.569,0.748,0.97,6.691,7.182,9.305,9.696,5.591,1.179,0.147,0.134,0.103,13.257,12.428
19100011,39.835,3.101,2.243,7.149,7.416,7.442,7.473,6.859,1.994,0.365,0.158,0.12,11.931,3.917
19100012,50.491,5.108,1.924,10.951,10.044,9.111,4.485,1.315,0.162,0.017,0.033,0.017,6.341,0
19100013,53.286,11.975,2.471,9.089,10.723,5.917,1.847,0.34,0.127,0.008,0.034,0,4.184,0
19100014,38.651,3.251,1.63,7.591,7.146,7.912,8.804,7.212,2.413,0.523,0.188,0.104,13.86,0.714
19100015,27.594,0.808,0.786,2.722,3.846,7.193,11.572,13.077,8.269,3.07,0.939,0.596,17.932,1.597
19100016,45.879,4.323,1.71,7.697,9.334,8.413,6.401,2.516,0.337,0.033,0.043,0.024,11.767,1.522
19100017,41.315,2.401,1.601,8.254,8.132,8.664,7.36,3.548,0.467,0.075,0.075,0.034,17.692,0.382
19100018,47.189,17.301,2.927,9.189,7.273,3.487,2.375,1.256,0.182,0.011,0.052,0.048,8.708,0
19100019,41.548,9.233,2.363,7.91,8.554,6.096,5.134,3.897,0.616,0.054,0.064,0.058,14.385,0.09
19100020,49.377,12.234,2.632,8.844,10.33,5.216,1.683,0.424,0.124,0.023,0.033,0.003,9.077,0
19100021,26.446,0.603,0.641,1.941,3.998,7.327,12.197,14.998,10.072,4.367,0.967,0.499,12.473,3.471
19100022,46.003,2.988,2.144,11.345,7.903,8.067,7.064,4.315,1.143,0.153,0.13,0.082,6.994,1.67
19100023,29.706,1.354,1.054,2.96,3.967,7.352,12.199,14.565,9.36,3.942,0.859,0.647,11.875,0.161
19100024,47.622,7.088,2.436,14.811,8.39,5.641,2.425,0.709,0.137,0.013,0.034,0.021,10.347,0.328
19100025,44.899,2.77,2.186,11.456,8.996,6.91,3.436,1.537,0.323,0.065,0.024,0.024,16.983,0.393
19100026,38.062,1.621,1.416,9.272,9.669,9.06,7.71,4.698,0.945,0.177,0.077,0.054,16.031,1.207
19100027,30.47,0.921,1.002,5.331,7.24,10.495,14.194,10.301,2.835,0.502,0.242,0.165,14.693,1.608
19100028,48.817,5.449,2.404,13.294,10.11,7.64,3.761,1.223,0.169,0.019,0.046,0.015,7.014,0.039
19100029,43.415,8.908,2.257,12.931,9.555,7.316,3.69,1.428,0.231,0.027,0.066,0.022,9.772,0.381
19100030,45.466,5.414,2.086,12.974,9.649,8.564,5.611,2.334,0.377,0.048,0.041,0.02,6.585,0.831
19100031,43.539,10.441,2.625,12.561,8.583,6.036,3.293,1.803,0.39,0.069,0.047,0.03,10.029,0.555
19100032,41.246,9.33,2.428,11.4,9.582,7.121,3.251,1.559,0.294,0.062,0.049,0.051,13.628,0
19100033,44.08,19.743,4.061,9.933,11.598,3.812,1.004,0.247,0.086,0.013,0.085,0.011,5.327,0
19100034,41.767,16.083,4.03,10.278,12.289,3.8,1.109,0.438,0.143,0,0.026,0.014,10.025,0
19100035,43.393,16.709,3.135,9.718,10.49,4.119,1.4,0.527,0.09,0.009,0.009,0.023,10.025,0.354
19100036,47.928,21.648,3.024,10.101,7.432,3.158,1.092,0.279,0.126,0.007,0.017,0.017,5.171,0
19100037,47.108,19.771,3.152,12.723,8.053,3.027,0.854,0.241,0.203,0,0.026,0.005,4.837,0
19100038,47.593,16.554,2.608,13.43,7.833,4.824,2.173,0.757,0.157,0.017,0.018,0.006,4.03,0
19100039,43.663,20.713,3.251,11.773,10.787,3.21,0.88,0.295,0.1,0.005,0.01,0.019,4.805,0.49
19100040,42.831,20.249,3.04,11.48,10.423,4.132,1.275,0.414,0.126,0,0.024,0.021,5.984,0
19100041,47.344,10.871,2.023,13.624,8.187,5.345,2.839,1.169,0.153,0.021,0.022,0.017,7.526,0.857
19100042,46.278,16.397,2.643,12.241,9.087,4.446,1.727,0.459,0.221,0.057,0.008,0.017,6.419,0
19100043,41.784,1.698,1.085,7.772,6.552,10.096,10.957,6.282,0.89,0.102,0.13,0.033,12.551,0.069
19100044,42.609,10.968,1.968,13.51,9.203,5.895,3.577,1.498,0.272,0.038,0.038,0.024,8.732,1.668
19100045,48.851,12.827,3.023,14.201,7.612,4.221,1.64,0.744,0.22,0.023,0.044,0.007,6.27,0.316
19100046,46.479,4.993,1.805,14.31,5.82,5.243,4.036,2.491,0.758,0.16,0.053,0.014,12.576,1.263
19100047,44.99,5.485,3.01,15.232,7.856,4.171,1.171,0.208,0.116,0.007,0.017,0,17.306,0.43
19100048,36.975,1.571,0.957,11.676,5.195,8.332,8.909,6.407,1.999,0.383,0.142,0.08,14.596,2.78
19100049,39,3.934,1.435,13.586,7.855,8.879,5.673,2.228,0.41,0.07,0.073,0.022,15.767,1.07
19100050,40.803,5.492,2.403,14.594,9.08,7.159,2.883,0.636,0.155,0.025,0.021,0.026,16.716,0.006
19100051,45.103,11.695,2.729,10.578,10.394,6.195,3.412,1.303,0.236,0.055,0.049,0.005,7.49,0.756
19100052,47.086,16.433,2.647,8.626,9.719,4.415,1.699,0.465,0.078,0.015,0.041,0.032,8.72,0.024
19100053,32.336,3.821,1.279,6.101,6.146,7.065,9.334,9.829,6.077,2.106,0.465,0.316,8.169,6.956
19100054,20.025,0.951,0.92,2.753,5.4,8.61,13.032,14.122,9.627,3.865,1.466,1.062,6.336,11.83
19100055,34.707,1.337,1.23,7.673,7.724,9.65,9.933,7.334,3.205,0.847,0.299,0.218,8.64,7.204
19100056,45.288,2.558,1.546,11.636,8.515,10.444,8.409,4.252,0.971,0.243,0.058,0.056,5.01,1.015
19100057,25.672,1.137,1.434,5.846,5.866,7.713,8.658,8.383,4.231,1.017,0.221,0.211,10.001,19.609
19100058,26.825,0.86,0.748,2.588,4.05,7.277,11.533,13.908,9.877,3.697,0.907,0.521,9.055,8.154
19100059,21.195,0.789,0.808,2.699,5.149,8.189,11.693,14.258,9.218,3.922,1.134,0.796,10.242,9.906
19100060,33.773,0.848,0.883,7.55,4.658,6.943,10.032,9.961,4.363,1.109,0.352,0.464,18.461,0.603
19100061,24.208,1.286,1.07,5.709,6.235,6.602,6.493,5.073,2.386,0.856,0.338,0.175,19.395,20.174
19100062,26.938,0.766,0.696,3.157,4.722,6.806,9.94,11,7.687,4.996,1.771,1.227,13.919,6.375
19100063,34.433,0.893,0.757,6.714,5.584,8.115,11.414,10.721,3.801,0.547,0.261,0.149,15.575,1.037
19100064,25.786,0.841,0.987,3.326,4.386,8.972,15.082,14.438,6.194,1.47,0.383,0.301,12.901,4.933
19100065,38.441,2.352,1.643,13.634,7.433,9.004,7.294,3.507,0.674,0.102,0.077,0.017,15.822,0
19100066,42.603,8.534,1.867,14.111,8.255,5.997,4.838,2.986,0.613,0.082,0.067,0.039,10.008,0
19100067,43.292,4.383,2.603,9.468,10.19,5.665,3.123,1.965,0.557,0.113,0.061,0.031,18.518,0.031
19100068,37.92,2.298,1.862,13.595,8.106,7.223,3.478,1.516,0.32,0.078,0.044,0.015,23.418,0.126
19100069,30.305,4.552,2.958,8.635,10.18,5.15,5.181,5.168,3.523,1.219,0.304,0.119,21.452,1.254
19100070,29.042,0.597,0.536,1.69,3.42,5.627,11.116,14.718,11.924,5.877,1.38,0.788,9.814,3.473
19100071,27.259,0.756,0.849,3.088,5.125,6.407,10.195,11.48,7.532,3.186,0.749,0.442,15.135,7.798
19100072,42.672,0.936,0.809,9.796,6.173,8.928,10.083,7.747,2.305,0.366,0.157,0.019,9.85,0.159
19100073,26.934,0.852,0.763,5.254,4.967,8.607,12.727,13.075,7.333,2.367,0.587,0.332,14.089,2.112
19100074,33.634,3.426,2.237,7.731,9.88,5.217,5.035,6.071,5.071,2.541,0.811,0.406,16.761,1.179
19100075,42.412,7.798,1.886,8.587,8.166,8.281,6.951,3.198,0.466,0.044,0.039,0.032,11.815,0.326
19100076,42.869,4.488,1.439,9.795,7.476,8.887,5.821,2.91,0.443,0.023,0.052,0.037,12.077,3.684
19100077,19.429,0.837,0.959,3.238,4.015,7.424,11.813,12.947,8.299,3.083,0.994,0.614,6.262,20.087
19100078,39.42,2.841,1.55,10.357,7.328,9.31,7.388,2.945,0.369,0.027,0.05,0.022,18.064,0.329
19100079,42.009,6.037,1.943,10.95,10.298,7.112,3.258,0.961,0.127,0.027,0.03,0.017,16.675,0.556
19100080,44.13,16.75,3.393,10.735,10.8,4.015,1.432,0.719,0.167,0.03,0.026,0.025,7.299,0.479
19100081,40.609,1.817,1.002,11.113,7.91,10.069,6.847,2.399,0.331,0.037,0.051,0.018,17.797,0
19100082,48.088,13.43,2.217,12.066,9.763,6.84,2.16,0.45,0.097,0.003,0.006,0.003,4.879,0
19100083,34.018,7.711,2.85,7.549,9.641,7.251,7.982,5.867,2.284,0.582,0.188,0.102,11.141,2.834
19100084,27.302,1.541,1.038,4.19,5.571,7.893,11.015,10.093,6.028,2.292,0.681,0.52,11.193,10.643
19100085,37.937,11.225,3.399,9.561,11.141,6.379,5.319,3.266,0.91,0.183,0.086,0.097,9.018,1.477
19100086,41.471,11.035,2.826,12.233,10.264,4.674,2.386,1.222,0.282,0.105,0.034,0.014,13.227,0.227
19100087,44.133,20.637,3.634,10.794,9.818,2.9,1.27,0.193,0.31,0.004,0.016,0.016,6.272,0
19100088,42.247,12.657,2.519,8.836,8.381,4.906,2.171,0.875,0.247,0.012,0.014,0.012,15.445,1.679
19100089,42.722,18.324,3.737,10.417,11.656,2.761,0.409,0.169,0.093,0.009,0.008,0.017,9.678,0
19100090,45.922,20.743,3.237,11.808,10.136,3.363,0.868,0.257,0.113,0.017,0.004,0,3.417,0.115
19100091,44.975,20.437,3.365,11.843,10.482,3.34,0.926,0.25,0.116,0.012,0.015,0.015,4.219,0.003
19100092,43.163,9.457,2.209,7.843,8.56,6.137,5.649,2.187,0.402,0.024,0.047,0.007,13.838,0.478
19100093,44.776,15.764,3.969,10.079,10.841,3.584,0.976,0.527,0.113,0.026,0.022,0.022,9.301,0
19100094,42.635,9.668,2.416,10.567,9.233,6.473,4.542,1.623,0.26,0.014,0.028,0.018,12.375,0.148
19100095,40.465,17.334,3.996,9.804,10.849,3.57,1.102,0.355,0.132,0.008,0.022,0.02,12.342,0
19100096,47.407,15.136,3.324,8.672,9.298,3.894,1.277,0.413,0.079,0.008,0.018,0.005,10.059,0.41
19100097,46.961,13.22,2.92,9.764,9.6,4.113,2.094,0.59,0.154,0.015,0.028,0.007,10.346,0.189
19100098,42.431,19.176,3.394,10.413,10.763,4.195,1.31,0.51,0.175,0.004,0.016,0.016,6.941,0.656
19100099,41.896,16.127,2.867,9.979,9.426,5.068,1.905,0.655,0.136,0.022,0.031,0.007,11.881,0
19100100,38.594,6.701,1.904,9.226,8.976,7.634,7.058,5.145,1.809,0.46,0.136,0.145,10.222,1.991
19100101,43.815,8.815,3.785,10.396,10.065,3.016,0.965,0.25,0.121,0.044,0.022,0.009,18.696,0
19100102,21.014,0.482,0.811,3.671,4.395,9.108,14.591,14.241,5.183,1.185,0.391,0.207,24.198,0.521
19100103,23.229,0.631,0.676,2.435,3.64,7.635,14.369,15.829,8.373,1.948,0.395,0.351,20.218,0.271
19100104,42.031,13.983,3.695,8.383,13.91,4.692,1.13,0.36,0.211,0.052,0.026,0.013,11.343,0.17
19100105,36.055,5.049,2.193,7.382,9.333,5.368,7.173,7.887,4.857,1.728,0.432,0.23,10.743,1.572
19100106,48.27,19.151,3.383,9.197,8.8,3.605,1.339,0.339,0.138,0.015,0.02,0.031,5.713,0
19100107,28.216,0.827,0.835,2.687,4.614,8.752,13.702,15.457,7.854,1.896,0.407,0.351,13.414,0.989
19100108,45.252,17.933,3.197,9.185,10.159,4.049,1.636,0.454,0.168,0.007,0.032,0.011,7.783,0.134
19100109,39.153,8.434,2.206,11.588,11.372,6.251,3.012,1.134,0.333,0.045,0.038,0.017,15.765,0.652
19100110,37.262,2.373,1.649,11.187,7.963,7.905,5.374,3.144,0.705,0.129,0.085,0.017,21.183,1.025
19100111,41.027,4.808,2.986,9.84,9.07,6.386,4.416,2.539,0.442,0.051,0.044,0.013,17.859,0.52
